       1    0.100000E-02   -0.219731E-09    0.999181E+00
       2    0.200000E-02   -0.312277E-09    0.999170E+00
       3    0.300000E-02   -0.321954E-09    0.999151E+00
       4    0.400000E-02   -0.384573E-09    0.999124E+00
       5    0.500000E-02   -0.443648E-09    0.999086E+00
       6    0.600000E-02   -0.501012E-09    0.999039E+00
       7    0.700000E-02   -0.526277E-09    0.998980E+00
       8    0.800000E-02   -0.573678E-09    0.998909E+00
       9    0.900000E-02   -0.618956E-09    0.998826E+00
      10    0.100000E-01   -0.634297E-09    0.998729E+00
      11    0.110000E-01   -0.679606E-09    0.998617E+00
      12    0.120000E-01   -0.721247E-09    0.998490E+00
      13    0.130000E-01   -0.750700E-09    0.998460E+00
      14    0.140000E-01   -0.757441E-09    0.998451E+00
      15    0.150000E-01   -0.796520E-09    0.998434E+00
      16    0.160000E-01   -0.829212E-09    0.998409E+00
      17    0.170000E-01   -0.878065E-09    0.998374E+00
      18    0.180000E-01   -0.900806E-09    0.998329E+00
      19    0.190000E-01   -0.893631E-09    0.998272E+00
      20    0.200000E-01   -0.925681E-09    0.998203E+00
      21    0.210000E-01   -0.953725E-09    0.998121E+00
      22    0.220000E-01   -0.995325E-09    0.998024E+00
      23    0.230000E-01   -0.101417E-08    0.997952E+00
      24    0.240000E-01   -0.100314E-08    0.997948E+00
      25    0.250000E-01   -0.103048E-08    0.997937E+00
      26    0.260000E-01   -0.105327E-08    0.997919E+00
      27    0.270000E-01   -0.109465E-08    0.997892E+00
      28    0.280000E-01   -0.110615E-08    0.997857E+00
      29    0.290000E-01   -0.109665E-08    0.997813E+00
      30    0.300000E-01   -0.112084E-08    0.997757E+00
      31    0.310000E-01   -0.114576E-08    0.997690E+00
      32    0.320000E-01   -0.116650E-08    0.997610E+00
      33    0.330000E-01   -0.120602E-08    0.997520E+00
      34    0.340000E-01   -0.121746E-08    0.997518E+00
      35    0.350000E-01   -0.119875E-08    0.997510E+00
      36    0.360000E-01   -0.121973E-08    0.997496E+00
      37    0.370000E-01   -0.123637E-08    0.997475E+00
      38    0.380000E-01   -0.125726E-08    0.997447E+00
      39    0.390000E-01   -0.130185E-08    0.997409E+00
      40    0.400000E-01   -0.131057E-08    0.997362E+00
      41    0.410000E-01   -0.128732E-08    0.997305E+00
      42    0.420000E-01   -0.130950E-08    0.997236E+00
      43    0.430000E-01   -0.132697E-08    0.997155E+00
      44    0.440000E-01   -0.134670E-08    0.997135E+00
      45    0.450000E-01   -0.138692E-08    0.997129E+00
      46    0.460000E-01   -0.139002E-08    0.997118E+00
      47    0.470000E-01   -0.138231E-08    0.997100E+00
      48    0.480000E-01   -0.139101E-08    0.997076E+00
      49    0.490000E-01   -0.141363E-08    0.997043E+00
      50    0.500000E-01   -0.145951E-08    0.997003E+00
      51    0.510000E-01   -0.163818E-08    0.996952E+00
      52    0.520000E-01   -0.182251E-08    0.996892E+00
      53    0.530000E-01   -0.200736E-08    0.996819E+00
      54    0.540000E-01   -0.218683E-08    0.996783E+00
      55    0.550000E-01   -0.235472E-08    0.996779E+00
      56    0.560000E-01   -0.250516E-08    0.996770E+00
      57    0.570000E-01   -0.263309E-08    0.996755E+00
      58    0.580000E-01   -0.273462E-08    0.996734E+00
      59    0.590000E-01   -0.280715E-08    0.996706E+00
      60    0.600000E-01   -0.284941E-08    0.996670E+00
      61    0.610000E-01   -0.286681E-08    0.996625E+00
      62    0.620000E-01   -0.286118E-08    0.996570E+00
      63    0.630000E-01   -0.282789E-08    0.996505E+00
      64    0.640000E-01   -0.276904E-08    0.996458E+00
      65    0.650000E-01   -0.268720E-08    0.996455E+00
      66    0.660000E-01   -0.258525E-08    0.996448E+00
      67    0.670000E-01   -0.246617E-08    0.996435E+00
      68    0.680000E-01   -0.233303E-08    0.996416E+00
      69    0.690000E-01   -0.218879E-08    0.996391E+00
      70    0.700000E-01   -0.203634E-08    0.996358E+00
      71    0.710000E-01   -0.187835E-08    0.996318E+00
      72    0.720000E-01   -0.171731E-08    0.996268E+00
      73    0.730000E-01   -0.169585E-08    0.996209E+00
      74    0.740000E-01   -0.169808E-08    0.996154E+00
      75    0.750000E-01   -0.168723E-08    0.996151E+00
      76    0.760000E-01   -0.179042E-08    0.996145E+00
      77    0.770000E-01   -0.197909E-08    0.996134E+00
      78    0.780000E-01   -0.216270E-08    0.996117E+00
      79    0.790000E-01   -0.233462E-08    0.996094E+00
      80    0.800000E-01   -0.248893E-08    0.996065E+00
      81    0.810000E-01   -0.268357E-08    0.996028E+00
      82    0.820000E-01   -0.285566E-08    0.995982E+00
      83    0.830000E-01   -0.300139E-08    0.995928E+00
      84    0.840000E-01   -0.311712E-08    0.995865E+00
      85    0.850000E-01   -0.319988E-08    0.995863E+00
      86    0.860000E-01   -0.324770E-08    0.995858E+00
      87    0.870000E-01   -0.325982E-08    0.995848E+00
      88    0.880000E-01   -0.323655E-08    0.995833E+00
      89    0.890000E-01   -0.317922E-08    0.995813E+00
      90    0.900000E-01   -0.308996E-08    0.995786E+00
      91    0.910000E-01   -0.297148E-08    0.995752E+00
      92    0.920000E-01   -0.284190E-08    0.995710E+00
      93    0.930000E-01   -0.283994E-08    0.995659E+00
      94    0.940000E-01   -0.284144E-08    0.995599E+00
      95    0.950000E-01   -0.284088E-08    0.995589E+00
      96    0.960000E-01   -0.285218E-08    0.995585E+00
      97    0.970000E-01   -0.287383E-08    0.995576E+00
      98    0.980000E-01   -0.286536E-08    0.995563E+00
      99    0.990000E-01   -0.284095E-08    0.995544E+00
     100    0.100000E+00   -0.293898E-08    0.995519E+00
     101    0.101000E+00   -0.314069E-08    0.995488E+00
     102    0.102000E+00   -0.328778E-08    0.995449E+00
     103    0.103000E+00   -0.338184E-08    0.995402E+00
     104    0.104000E+00   -0.342515E-08    0.995346E+00
     105    0.105000E+00   -0.342062E-08    0.995327E+00
     106    0.106000E+00   -0.347122E-08    0.995323E+00
     107    0.107000E+00   -0.347884E-08    0.995316E+00
     108    0.108000E+00   -0.343928E-08    0.995303E+00
     109    0.109000E+00   -0.343415E-08    0.995286E+00
     110    0.110000E+00   -0.343074E-08    0.995264E+00
     111    0.111000E+00   -0.343551E-08    0.995235E+00
     112    0.112000E+00   -0.343440E-08    0.995198E+00
     113    0.113000E+00   -0.343185E-08    0.995155E+00
     114    0.114000E+00   -0.343312E-08    0.995102E+00
     115    0.115000E+00   -0.343166E-08    0.995075E+00
     116    0.116000E+00   -0.341632E-08    0.995072E+00
     117    0.117000E+00   -0.343240E-08    0.995065E+00
     118    0.118000E+00   -0.343222E-08    0.995054E+00
     119    0.119000E+00   -0.349598E-08    0.995039E+00
     120    0.120000E+00   -0.361773E-08    0.995018E+00
     121    0.121000E+00   -0.367877E-08    0.994990E+00
     122    0.122000E+00   -0.368329E-08    0.994957E+00
     123    0.123000E+00   -0.366346E-08    0.994916E+00
     124    0.124000E+00   -0.366885E-08    0.994866E+00
     125    0.125000E+00   -0.366904E-08    0.994833E+00
     126    0.126000E+00   -0.367495E-08    0.994830E+00
     127    0.127000E+00   -0.368567E-08    0.994824E+00
     128    0.128000E+00   -0.368646E-08    0.994814E+00
     129    0.129000E+00   -0.368268E-08    0.994800E+00
     130    0.130000E+00   -0.368769E-08    0.994780E+00
     131    0.131000E+00   -0.368719E-08    0.994755E+00
     132    0.132000E+00   -0.368896E-08    0.994724E+00
     133    0.133000E+00   -0.367362E-08    0.994685E+00
     134    0.134000E+00   -0.368868E-08    0.994638E+00
     135    0.135000E+00   -0.368874E-08    0.994599E+00
     136    0.136000E+00   -0.378335E-08    0.994597E+00
     137    0.137000E+00   -0.384067E-08    0.994592E+00
     138    0.138000E+00   -0.383745E-08    0.994583E+00
     139    0.139000E+00   -0.382571E-08    0.994569E+00
     140    0.140000E+00   -0.380798E-08    0.994551E+00
     141    0.141000E+00   -0.380962E-08    0.994527E+00
     142    0.142000E+00   -0.380784E-08    0.994498E+00
     143    0.143000E+00   -0.384286E-08    0.994461E+00
     144    0.144000E+00   -0.383742E-08    0.994417E+00
     145    0.145000E+00   -0.383608E-08    0.994372E+00
     146    0.146000E+00   -0.384448E-08    0.994371E+00
     147    0.147000E+00   -0.384087E-08    0.994366E+00
     148    0.148000E+00   -0.384602E-08    0.994358E+00
     149    0.149000E+00   -0.382843E-08    0.994346E+00
     150    0.150000E+00   -0.384518E-08    0.994329E+00
     151    0.151000E+00   -0.389616E-08    0.994307E+00
     152    0.152000E+00   -0.395740E-08    0.994279E+00
     153    0.153000E+00   -0.395503E-08    0.994244E+00
     154    0.154000E+00   -0.395310E-08    0.994203E+00
     155    0.155000E+00   -0.392149E-08    0.994153E+00
     156    0.156000E+00   -0.390134E-08    0.994152E+00
     157    0.157000E+00   -0.391887E-08    0.994148E+00
     158    0.158000E+00   -0.395625E-08    0.994140E+00
     159    0.159000E+00   -0.395003E-08    0.994129E+00
     160    0.160000E+00   -0.395235E-08    0.994113E+00
     161    0.161000E+00   -0.396246E-08    0.994092E+00
     162    0.162000E+00   -0.395884E-08    0.994066E+00
     163    0.163000E+00   -0.396188E-08    0.994033E+00
     164    0.164000E+00   -0.394878E-08    0.993994E+00
     165    0.165000E+00   -0.395966E-08    0.993946E+00
     166    0.166000E+00   -0.403614E-08    0.993938E+00
     167    0.167000E+00   -0.406059E-08    0.993935E+00
     168    0.168000E+00   -0.405974E-08    0.993928E+00
     169    0.169000E+00   -0.404010E-08    0.993917E+00
     170    0.170000E+00   -0.396240E-08    0.993903E+00
     171    0.171000E+00   -0.400104E-08    0.993883E+00
     172    0.172000E+00   -0.403053E-08    0.993858E+00
     173    0.173000E+00   -0.405641E-08    0.993827E+00
     174    0.174000E+00   -0.404527E-08    0.993790E+00
     175    0.175000E+00   -0.406275E-08    0.993745E+00
     176    0.176000E+00   -0.406071E-08    0.993730E+00
     177    0.177000E+00   -0.405126E-08    0.993727E+00
     178    0.178000E+00   -0.405385E-08    0.993721E+00
     179    0.179000E+00   -0.403963E-08    0.993711E+00
     180    0.180000E+00   -0.412256E-08    0.993698E+00
     181    0.181000E+00   -0.414579E-08    0.993679E+00
     182    0.182000E+00   -0.415511E-08    0.993656E+00
     183    0.183000E+00   -0.412233E-08    0.993626E+00
     184    0.184000E+00   -0.403701E-08    0.993591E+00
     185    0.185000E+00   -0.406745E-08    0.993548E+00
     186    0.186000E+00   -0.411061E-08    0.993528E+00
     187    0.187000E+00   -0.414081E-08    0.993525E+00
     188    0.188000E+00   -0.412606E-08    0.993520E+00
     189    0.189000E+00   -0.414793E-08    0.993510E+00
     190    0.190000E+00   -0.414533E-08    0.993498E+00
     191    0.191000E+00   -0.413345E-08    0.993480E+00
     192    0.192000E+00   -0.413768E-08    0.993458E+00
     193    0.193000E+00   -0.414998E-08    0.993430E+00
     194    0.194000E+00   -0.421669E-08    0.993396E+00
     195    0.195000E+00   -0.423341E-08    0.993356E+00
     196    0.196000E+00   -0.422968E-08    0.993330E+00
     197    0.197000E+00   -0.416441E-08    0.993328E+00
     198    0.198000E+00   -0.412753E-08    0.993323E+00
     199    0.199000E+00   -0.414814E-08    0.993315E+00
     200    0.200000E+00   -0.420298E-08    0.993303E+00
     201    0.201000E+00   -0.421372E-08    0.993286E+00
     202    0.202000E+00   -0.420818E-08    0.993265E+00
     203    0.203000E+00   -0.422288E-08    0.993239E+00
     204    0.204000E+00   -0.421992E-08    0.993206E+00
     205    0.205000E+00   -0.421464E-08    0.993167E+00
     206    0.206000E+00   -0.421229E-08    0.993137E+00
     207    0.207000E+00   -0.427372E-08    0.993136E+00
     208    0.208000E+00   -0.430322E-08    0.993131E+00
     209    0.209000E+00   -0.431278E-08    0.993123E+00
     210    0.210000E+00   -0.425898E-08    0.993112E+00
     211    0.211000E+00   -0.421333E-08    0.993096E+00
     212    0.212000E+00   -0.419412E-08    0.993076E+00
     213    0.213000E+00   -0.424919E-08    0.993051E+00
     214    0.214000E+00   -0.428831E-08    0.993020E+00
     215    0.215000E+00   -0.426350E-08    0.992983E+00
     216    0.216000E+00   -0.429682E-08    0.992949E+00
     217    0.217000E+00   -0.429327E-08    0.992947E+00
     218    0.218000E+00   -0.427818E-08    0.992943E+00
     219    0.219000E+00   -0.428742E-08    0.992936E+00
     220    0.220000E+00   -0.433479E-08    0.992925E+00
     221    0.221000E+00   -0.437523E-08    0.992911E+00
     222    0.222000E+00   -0.438378E-08    0.992892E+00
     223    0.223000E+00   -0.432870E-08    0.992868E+00
     224    0.224000E+00   -0.426886E-08    0.992838E+00
     225    0.225000E+00   -0.428150E-08    0.992803E+00
     226    0.226000E+00   -0.430112E-08    0.992764E+00
     227    0.227000E+00   -0.435309E-08    0.992763E+00
     228    0.228000E+00   -0.433738E-08    0.992759E+00
     229    0.229000E+00   -0.436282E-08    0.992752E+00
     230    0.230000E+00   -0.435835E-08    0.992742E+00
     231    0.231000E+00   -0.434299E-08    0.992729E+00
     232    0.232000E+00   -0.435585E-08    0.992711E+00
     233    0.233000E+00   -0.440420E-08    0.992688E+00
     234    0.234000E+00   -0.444903E-08    0.992660E+00
     235    0.235000E+00   -0.444432E-08    0.992625E+00
     236    0.236000E+00   -0.437702E-08    0.992585E+00
     237    0.237000E+00   -0.434118E-08    0.992582E+00
     238    0.238000E+00   -0.435003E-08    0.992579E+00
     239    0.239000E+00   -0.436596E-08    0.992573E+00
     240    0.240000E+00   -0.441666E-08    0.992563E+00
     241    0.241000E+00   -0.439949E-08    0.992550E+00
     242    0.242000E+00   -0.442721E-08    0.992533E+00
     243    0.243000E+00   -0.442246E-08    0.992511E+00
     244    0.244000E+00   -0.440429E-08    0.992484E+00
     245    0.245000E+00   -0.441885E-08    0.992452E+00
     246    0.246000E+00   -0.447884E-08    0.992412E+00
     247    0.247000E+00   -0.451778E-08    0.992405E+00
     248    0.248000E+00   -0.448985E-08    0.992402E+00
     249    0.249000E+00   -0.440917E-08    0.992396E+00
     250    0.250000E+00   -0.440473E-08    0.992387E+00
     251    0.251000E+00   -0.441198E-08    0.992375E+00
     252    0.252000E+00   -0.444143E-08    0.992359E+00
     253    0.253000E+00   -0.447864E-08    0.992338E+00
     254    0.254000E+00   -0.446099E-08    0.992312E+00
     255    0.255000E+00   -0.448796E-08    0.992281E+00
     256    0.256000E+00   -0.448431E-08    0.992243E+00
     257    0.257000E+00   -0.446577E-08    0.992230E+00
     258    0.258000E+00   -0.449993E-08    0.992228E+00
     259    0.259000E+00   -0.456645E-08    0.992223E+00
     260    0.260000E+00   -0.457147E-08    0.992214E+00
     261    0.261000E+00   -0.451272E-08    0.992203E+00
     262    0.262000E+00   -0.446591E-08    0.992187E+00
     263    0.263000E+00   -0.446094E-08    0.992167E+00
     264    0.264000E+00   -0.447018E-08    0.992143E+00
     265    0.265000E+00   -0.451965E-08    0.992113E+00
     266    0.266000E+00   -0.453326E-08    0.992076E+00
     267    0.267000E+00   -0.453750E-08    0.992059E+00
     268    0.268000E+00   -0.453824E-08    0.992057E+00
     269    0.269000E+00   -0.453749E-08    0.992052E+00
     270    0.270000E+00   -0.453133E-08    0.992044E+00
     271    0.271000E+00   -0.460301E-08    0.992034E+00
     272    0.272000E+00   -0.463420E-08    0.992019E+00
     273    0.273000E+00   -0.459916E-08    0.992000E+00
     274    0.274000E+00   -0.453263E-08    0.991976E+00
     275    0.275000E+00   -0.452572E-08    0.991947E+00
     276    0.276000E+00   -0.451541E-08    0.991913E+00
     277    0.277000E+00   -0.453951E-08    0.991891E+00
     278    0.278000E+00   -0.458982E-08    0.991889E+00
     279    0.279000E+00   -0.457194E-08    0.991885E+00
     280    0.280000E+00   -0.460174E-08    0.991878E+00
     281    0.281000E+00   -0.459671E-08    0.991867E+00
     282    0.282000E+00   -0.457306E-08    0.991853E+00
     283    0.283000E+00   -0.463620E-08    0.991835E+00
     284    0.284000E+00   -0.468681E-08    0.991813E+00
     285    0.285000E+00   -0.466946E-08    0.991785E+00
     286    0.286000E+00   -0.459050E-08    0.991751E+00
     287    0.287000E+00   -0.458212E-08    0.991726E+00
     288    0.288000E+00   -0.457858E-08    0.991724E+00
     289    0.289000E+00   -0.458002E-08    0.991721E+00
     290    0.290000E+00   -0.463095E-08    0.991714E+00
     291    0.291000E+00   -0.464026E-08    0.991704E+00
     292    0.292000E+00   -0.465074E-08    0.991691E+00
     293    0.293000E+00   -0.464188E-08    0.991673E+00
     294    0.294000E+00   -0.464316E-08    0.991652E+00
     295    0.295000E+00   -0.467159E-08    0.991625E+00
     296    0.296000E+00   -0.473507E-08    0.991593E+00
     297    0.297000E+00   -0.472954E-08    0.991564E+00
     298    0.298000E+00   -0.466130E-08    0.991562E+00
     299    0.299000E+00   -0.463894E-08    0.991559E+00
     300    0.300000E+00   -0.463260E-08    0.991552E+00
     301    0.301000E+00   -0.461877E-08    0.991543E+00
     302    0.302000E+00   -0.466551E-08    0.991531E+00
     303    0.303000E+00   -0.469581E-08    0.991514E+00
     304    0.304000E+00   -0.469319E-08    0.991493E+00
     305    0.305000E+00   -0.470220E-08    0.991467E+00
     306    0.306000E+00   -0.470075E-08    0.991436E+00
     307    0.307000E+00   -0.471222E-08    0.991404E+00
     308    0.308000E+00   -0.478242E-08    0.991403E+00
     309    0.309000E+00   -0.478313E-08    0.991399E+00
     310    0.310000E+00   -0.472061E-08    0.991394E+00
     311    0.311000E+00   -0.469332E-08    0.991385E+00
     312    0.312000E+00   -0.468292E-08    0.991373E+00
     313    0.313000E+00   -0.467912E-08    0.991357E+00
     314    0.314000E+00   -0.469949E-08    0.991337E+00
     315    0.315000E+00   -0.474467E-08    0.991312E+00
     316    0.316000E+00   -0.473428E-08    0.991282E+00
     317    0.317000E+00   -0.475527E-08    0.991247E+00
     318    0.318000E+00   -0.475153E-08    0.991246E+00
     319    0.319000E+00   -0.475921E-08    0.991243E+00
     320    0.320000E+00   -0.483043E-08    0.991237E+00
     321    0.321000E+00   -0.483221E-08    0.991229E+00
     322    0.322000E+00   -0.477075E-08    0.991217E+00
     323    0.323000E+00   -0.474050E-08    0.991202E+00
     324    0.324000E+00   -0.473490E-08    0.991183E+00
     325    0.325000E+00   -0.473181E-08    0.991159E+00
     326    0.326000E+00   -0.473654E-08    0.991130E+00
     327    0.327000E+00   -0.479076E-08    0.991096E+00
     328    0.328000E+00   -0.477704E-08    0.991091E+00
     329    0.329000E+00   -0.480440E-08    0.991088E+00
     330    0.330000E+00   -0.479911E-08    0.991083E+00
     331    0.331000E+00   -0.481224E-08    0.991075E+00
     332    0.332000E+00   -0.487931E-08    0.991064E+00
     333    0.333000E+00   -0.487743E-08    0.991050E+00
     334    0.334000E+00   -0.481277E-08    0.991031E+00
     335    0.335000E+00   -0.478478E-08    0.991008E+00
     336    0.336000E+00   -0.478196E-08    0.990981E+00
     337    0.337000E+00   -0.478070E-08    0.990947E+00
     338    0.338000E+00   -0.477846E-08    0.990938E+00
     339    0.339000E+00   -0.483621E-08    0.990935E+00
     340    0.340000E+00   -0.482541E-08    0.990931E+00
     341    0.341000E+00   -0.485127E-08    0.990923E+00
     342    0.342000E+00   -0.484539E-08    0.990913E+00
     343    0.343000E+00   -0.486993E-08    0.990899E+00
     344    0.344000E+00   -0.492821E-08    0.990881E+00
     345    0.345000E+00   -0.491845E-08    0.990860E+00
     346    0.346000E+00   -0.484678E-08    0.990833E+00
     347    0.347000E+00   -0.482941E-08    0.990801E+00
     348    0.348000E+00   -0.482699E-08    0.990787E+00
     349    0.349000E+00   -0.482663E-08    0.990785E+00
     350    0.350000E+00   -0.482558E-08    0.990781E+00
     351    0.351000E+00   -0.488180E-08    0.990774E+00
     352    0.352000E+00   -0.487145E-08    0.990764E+00
     353    0.353000E+00   -0.489632E-08    0.990751E+00
     354    0.354000E+00   -0.489095E-08    0.990734E+00
     355    0.355000E+00   -0.493020E-08    0.990712E+00
     356    0.356000E+00   -0.497560E-08    0.990687E+00
     357    0.357000E+00   -0.495422E-08    0.990656E+00
     358    0.358000E+00   -0.487620E-08    0.990638E+00
     359    0.359000E+00   -0.487436E-08    0.990637E+00
     360    0.360000E+00   -0.487142E-08    0.990633E+00
     361    0.361000E+00   -0.487117E-08    0.990626E+00
     362    0.362000E+00   -0.487716E-08    0.990617E+00
     363    0.363000E+00   -0.492725E-08    0.990604E+00
     364    0.364000E+00   -0.492209E-08    0.990588E+00
     365    0.365000E+00   -0.493904E-08    0.990567E+00
     366    0.366000E+00   -0.493539E-08    0.990543E+00
     367    0.367000E+00   -0.499044E-08    0.990512E+00
     368    0.368000E+00   -0.501943E-08    0.990492E+00
     369    0.369000E+00   -0.498325E-08    0.990490E+00
     370    0.370000E+00   -0.492150E-08    0.990487E+00
     371    0.371000E+00   -0.491842E-08    0.990481E+00
     372    0.372000E+00   -0.491554E-08    0.990472E+00
     373    0.373000E+00   -0.491475E-08    0.990460E+00
     374    0.374000E+00   -0.493167E-08    0.990444E+00
     375    0.375000E+00   -0.497151E-08    0.990424E+00
     376    0.376000E+00   -0.497301E-08    0.990400E+00
     377    0.377000E+00   -0.497824E-08    0.990371E+00
     378    0.378000E+00   -0.497756E-08    0.990347E+00
     379    0.379000E+00   -0.504784E-08    0.990346E+00
     380    0.380000E+00   -0.505741E-08    0.990343E+00
     381    0.381000E+00   -0.500372E-08    0.990337E+00
     382    0.382000E+00   -0.496613E-08    0.990328E+00
     383    0.383000E+00   -0.496336E-08    0.990317E+00
     384    0.384000E+00   -0.495879E-08    0.990302E+00
     385    0.385000E+00   -0.495692E-08    0.990283E+00
     386    0.386000E+00   -0.498699E-08    0.990260E+00
     387    0.387000E+00   -0.501298E-08    0.990232E+00
     388    0.388000E+00   -0.502206E-08    0.990205E+00
     389    0.389000E+00   -0.501227E-08    0.990203E+00
     390    0.390000E+00   -0.504470E-08    0.990200E+00
     391    0.391000E+00   -0.509944E-08    0.990195E+00
     392    0.392000E+00   -0.508712E-08    0.990187E+00
     393    0.393000E+00   -0.501372E-08    0.990176E+00
     394    0.394000E+00   -0.500859E-08    0.990162E+00
     395    0.395000E+00   -0.500659E-08    0.990143E+00
     396    0.396000E+00   -0.499994E-08    0.990121E+00
     397    0.397000E+00   -0.499659E-08    0.990094E+00
     398    0.398000E+00   -0.504070E-08    0.990063E+00
     399    0.399000E+00   -0.504969E-08    0.990063E+00
     400    0.400000E+00   -0.506682E-08    0.990060E+00
     401    0.401000E+00   -0.505601E-08    0.990055E+00
     402    0.402000E+00   -0.511388E-08    0.990047E+00
     403    0.403000E+00   -0.514232E-08    0.990037E+00
     404    0.404000E+00   -0.510614E-08    0.990023E+00
     405    0.405000E+00   -0.503015E-08    0.990005E+00
     406    0.406000E+00   -0.504701E-08    0.989984E+00
     407    0.407000E+00   -0.504624E-08    0.989957E+00
     408    0.408000E+00   -0.503737E-08    0.989926E+00
     409    0.409000E+00   -0.503438E-08    0.989923E+00
     410    0.410000E+00   -0.509015E-08    0.989921E+00
     411    0.411000E+00   -0.508866E-08    0.989916E+00
     412    0.412000E+00   -0.510474E-08    0.989909E+00
     413    0.413000E+00   -0.510503E-08    0.989899E+00
     414    0.414000E+00   -0.517326E-08    0.989886E+00
     415    0.415000E+00   -0.517368E-08    0.989869E+00
     416    0.416000E+00   -0.511216E-08    0.989848E+00
     417    0.417000E+00   -0.508144E-08    0.989822E+00
     418    0.418000E+00   -0.508331E-08    0.989792E+00
     419    0.419000E+00   -0.508048E-08    0.989786E+00
     420    0.420000E+00   -0.507466E-08    0.989784E+00
     421    0.421000E+00   -0.509977E-08    0.989779E+00
     422    0.422000E+00   -0.513264E-08    0.989772E+00
     423    0.423000E+00   -0.514155E-08    0.989763E+00
     424    0.424000E+00   -0.513326E-08    0.989750E+00
     425    0.425000E+00   -0.518368E-08    0.989734E+00
     426    0.426000E+00   -0.521976E-08    0.989714E+00
     427    0.427000E+00   -0.519093E-08    0.989689E+00
     428    0.428000E+00   -0.511928E-08    0.989660E+00
     429    0.429000E+00   -0.512665E-08    0.989650E+00
     430    0.430000E+00   -0.512299E-08    0.989648E+00
     431    0.431000E+00   -0.511772E-08    0.989644E+00
     432    0.432000E+00   -0.511605E-08    0.989637E+00
     433    0.433000E+00   -0.515863E-08    0.989628E+00
     434    0.434000E+00   -0.516553E-08    0.989616E+00
     435    0.435000E+00   -0.518420E-08    0.989600E+00
     436    0.436000E+00   -0.517701E-08    0.989581E+00
     437    0.437000E+00   -0.524762E-08    0.989557E+00
     438    0.438000E+00   -0.525060E-08    0.989528E+00
     439    0.439000E+00   -0.519175E-08    0.989515E+00
     440    0.440000E+00   -0.514722E-08    0.989513E+00
     441    0.441000E+00   -0.516314E-08    0.989510E+00
     442    0.442000E+00   -0.516196E-08    0.989504E+00
     443    0.443000E+00   -0.515390E-08    0.989495E+00
     444    0.444000E+00   -0.516135E-08    0.989483E+00
     445    0.445000E+00   -0.520685E-08    0.989468E+00
     446    0.446000E+00   -0.521334E-08    0.989449E+00
     447    0.447000E+00   -0.521387E-08    0.989426E+00
     448    0.448000E+00   -0.526023E-08    0.989399E+00
     449    0.449000E+00   -0.529395E-08    0.989382E+00
     450    0.450000E+00   -0.526331E-08    0.989381E+00
     451    0.451000E+00   -0.519570E-08    0.989377E+00
     452    0.452000E+00   -0.519813E-08    0.989371E+00
     453    0.453000E+00   -0.519551E-08    0.989363E+00
     454    0.454000E+00   -0.519140E-08    0.989352E+00
     455    0.455000E+00   -0.518823E-08    0.989337E+00
     456    0.456000E+00   -0.522754E-08    0.989319E+00
     457    0.457000E+00   -0.524165E-08    0.989297E+00
     458    0.458000E+00   -0.525841E-08    0.989270E+00
     459    0.459000E+00   -0.526034E-08    0.989251E+00
     460    0.460000E+00   -0.532356E-08    0.989250E+00
     461    0.461000E+00   -0.532015E-08    0.989246E+00
     462    0.462000E+00   -0.525929E-08    0.989241E+00
     463    0.463000E+00   -0.522562E-08    0.989233E+00
     464    0.464000E+00   -0.523798E-08    0.989222E+00
     465    0.465000E+00   -0.523557E-08    0.989208E+00
     466    0.466000E+00   -0.522848E-08    0.989191E+00
     467    0.467000E+00   -0.523075E-08    0.989169E+00
     468    0.468000E+00   -0.527860E-08    0.989143E+00
     469    0.469000E+00   -0.528643E-08    0.989121E+00
     470    0.470000E+00   -0.528629E-08    0.989120E+00
     471    0.471000E+00   -0.534181E-08    0.989117E+00
     472    0.472000E+00   -0.536449E-08    0.989112E+00
     473    0.473000E+00   -0.532412E-08    0.989104E+00
     474    0.474000E+00   -0.526703E-08    0.989094E+00
     475    0.475000E+00   -0.526846E-08    0.989080E+00
     476    0.476000E+00   -0.526800E-08    0.989063E+00
     477    0.477000E+00   -0.526513E-08    0.989043E+00
     478    0.478000E+00   -0.525741E-08    0.989017E+00
     479    0.479000E+00   -0.529989E-08    0.988992E+00
     480    0.480000E+00   -0.531194E-08    0.988991E+00
     481    0.481000E+00   -0.532962E-08    0.988989E+00
     482    0.482000E+00   -0.535085E-08    0.988984E+00
     483    0.483000E+00   -0.539838E-08    0.988977E+00
     484    0.484000E+00   -0.538094E-08    0.988967E+00
     485    0.485000E+00   -0.531685E-08    0.988954E+00
     486    0.486000E+00   -0.529638E-08    0.988937E+00
     487    0.487000E+00   -0.530844E-08    0.988917E+00
     488    0.488000E+00   -0.530587E-08    0.988893E+00
     489    0.489000E+00   -0.529865E-08    0.988865E+00
     490    0.490000E+00   -0.530809E-08    0.988864E+00
     491    0.491000E+00   -0.534919E-08    0.988862E+00
     492    0.492000E+00   -0.536039E-08    0.988857E+00
     493    0.493000E+00   -0.535264E-08    0.988850E+00
     494    0.494000E+00   -0.542369E-08    0.988841E+00
     495    0.495000E+00   -0.542804E-08    0.988828E+00
     496    0.496000E+00   -0.537714E-08    0.988812E+00
     497    0.497000E+00   -0.533614E-08    0.988793E+00
     498    0.498000E+00   -0.533942E-08    0.988769E+00
     499    0.499000E+00   -0.533649E-08    0.988741E+00
     500    0.500000E+00   -0.533284E-08    0.988738E+00
     501    0.501000E+00   -0.532681E-08    0.988736E+00
     502    0.502000E+00   -0.537451E-08    0.988732E+00
     503    0.503000E+00   -0.538074E-08    0.988725E+00
     504    0.504000E+00   -0.539632E-08    0.988716E+00
     505    0.505000E+00   -0.544211E-08    0.988704E+00
     506    0.506000E+00   -0.546705E-08    0.988689E+00
     507    0.507000E+00   -0.542928E-08    0.988670E+00
     508    0.508000E+00   -0.536676E-08    0.988647E+00
     509    0.509000E+00   -0.536083E-08    0.988619E+00
     510    0.510000E+00   -0.537491E-08    0.988613E+00
     511    0.511000E+00   -0.537335E-08    0.988611E+00
     512    0.512000E+00   -0.536569E-08    0.988607E+00
     513    0.513000E+00   -0.538996E-08    0.988601E+00
     514    0.514000E+00   -0.541649E-08    0.988592E+00
     515    0.515000E+00   -0.543171E-08    0.988581E+00
     516    0.516000E+00   -0.545515E-08    0.988566E+00
     517    0.517000E+00   -0.549943E-08    0.988548E+00
     518    0.518000E+00   -0.547955E-08    0.988526E+00
     519    0.519000E+00   -0.542045E-08    0.988499E+00
     520    0.520000E+00   -0.540219E-08    0.988490E+00
     521    0.521000E+00   -0.540924E-08    0.988488E+00
     522    0.522000E+00   -0.540399E-08    0.988484E+00
     523    0.523000E+00   -0.539673E-08    0.988478E+00
     524    0.524000E+00   -0.539741E-08    0.988470E+00
     525    0.525000E+00   -0.544742E-08    0.988459E+00
     526    0.526000E+00   -0.545915E-08    0.988445E+00
     527    0.527000E+00   -0.546415E-08    0.988427E+00
     528    0.528000E+00   -0.552647E-08    0.988405E+00
     529    0.529000E+00   -0.552336E-08    0.988379E+00
     530    0.530000E+00   -0.547372E-08    0.988367E+00
     531    0.531000E+00   -0.543321E-08    0.988365E+00
     532    0.532000E+00   -0.543409E-08    0.988362E+00
     533    0.533000E+00   -0.543643E-08    0.988357E+00
     534    0.534000E+00   -0.543584E-08    0.988349E+00
     535    0.535000E+00   -0.542777E-08    0.988338E+00
     536    0.536000E+00   -0.547080E-08    0.988324E+00
     537    0.537000E+00   -0.548015E-08    0.988307E+00
     538    0.538000E+00   -0.549507E-08    0.988286E+00
     539    0.539000E+00   -0.554936E-08    0.988261E+00
     540    0.540000E+00   -0.556183E-08    0.988246E+00
     541    0.541000E+00   -0.552051E-08    0.988244E+00
     542    0.542000E+00   -0.546765E-08    0.988241E+00
     543    0.543000E+00   -0.546186E-08    0.988236E+00
     544    0.544000E+00   -0.547380E-08    0.988228E+00
     545    0.545000E+00   -0.547123E-08    0.988218E+00
     546    0.546000E+00   -0.546342E-08    0.988205E+00
     547    0.547000E+00   -0.548810E-08    0.988189E+00
     548    0.548000E+00   -0.551303E-08    0.988168E+00
     549    0.549000E+00   -0.552928E-08    0.988144E+00
     550    0.550000E+00   -0.556911E-08    0.988126E+00
     551    0.551000E+00   -0.559599E-08    0.988125E+00
     552    0.552000E+00   -0.556194E-08    0.988122E+00
     553    0.553000E+00   -0.550806E-08    0.988117E+00
     554    0.554000E+00   -0.549827E-08    0.988110E+00
     555    0.555000E+00   -0.550530E-08    0.988100E+00
     556    0.556000E+00   -0.549949E-08    0.988087E+00
     557    0.557000E+00   -0.549126E-08    0.988071E+00
     558    0.558000E+00   -0.550066E-08    0.988051E+00
     559    0.559000E+00   -0.554388E-08    0.988027E+00
     560    0.560000E+00   -0.555844E-08    0.988007E+00
     561    0.561000E+00   -0.558664E-08    0.988006E+00
     562    0.562000E+00   -0.562672E-08    0.988003E+00
     563    0.563000E+00   -0.560368E-08    0.987998E+00
     564    0.564000E+00   -0.555022E-08    0.987992E+00
     565    0.565000E+00   -0.552793E-08    0.987982E+00
     566    0.566000E+00   -0.553075E-08    0.987970E+00
     567    0.567000E+00   -0.553080E-08    0.987954E+00
     568    0.568000E+00   -0.552970E-08    0.987935E+00
     569    0.569000E+00   -0.552165E-08    0.987912E+00
     570    0.570000E+00   -0.556994E-08    0.987889E+00
     571    0.571000E+00   -0.558360E-08    0.987888E+00
     572    0.572000E+00   -0.560273E-08    0.987886E+00
     573    0.573000E+00   -0.565480E-08    0.987881E+00
     574    0.574000E+00   -0.564297E-08    0.987875E+00
     575    0.575000E+00   -0.559548E-08    0.987866E+00
     576    0.576000E+00   -0.555482E-08    0.987854E+00
     577    0.577000E+00   -0.555192E-08    0.987839E+00
     578    0.578000E+00   -0.556525E-08    0.987820E+00
     579    0.579000E+00   -0.556389E-08    0.987798E+00
     580    0.580000E+00   -0.555598E-08    0.987772E+00
     581    0.581000E+00   -0.559226E-08    0.987771E+00
     582    0.582000E+00   -0.560572E-08    0.987769E+00
     583    0.583000E+00   -0.561978E-08    0.987765E+00
     584    0.584000E+00   -0.568091E-08    0.987759E+00
     585    0.585000E+00   -0.567920E-08    0.987750E+00
     586    0.586000E+00   -0.563692E-08    0.987739E+00
     587    0.587000E+00   -0.559454E-08    0.987724E+00
     588    0.588000E+00   -0.558800E-08    0.987706E+00
     589    0.589000E+00   -0.559795E-08    0.987684E+00
     590    0.590000E+00   -0.559393E-08    0.987658E+00
     591    0.591000E+00   -0.558513E-08    0.987656E+00
     592    0.592000E+00   -0.561175E-08    0.987654E+00
     593    0.593000E+00   -0.563517E-08    0.987650E+00
     594    0.594000E+00   -0.565211E-08    0.987644E+00
     595    0.595000E+00   -0.570565E-08    0.987635E+00
     596    0.596000E+00   -0.571298E-08    0.987624E+00
     597    0.597000E+00   -0.567519E-08    0.987610E+00
     598    0.598000E+00   -0.563001E-08    0.987593E+00
     599    0.599000E+00   -0.561961E-08    0.987572E+00
     600    0.600000E+00   -0.562672E-08    0.987546E+00
     601    0.601000E+00   -0.562011E-08    0.987541E+00
     602    0.602000E+00   -0.561437E-08    0.987539E+00
     603    0.603000E+00   -0.562921E-08    0.987535E+00
     604    0.604000E+00   -0.566516E-08    0.987530E+00
     605    0.605000E+00   -0.568180E-08    0.987522E+00
     606    0.606000E+00   -0.572950E-08    0.987511E+00
     607    0.607000E+00   -0.574481E-08    0.987497E+00
     608    0.608000E+00   -0.571086E-08    0.987481E+00
     609    0.609000E+00   -0.566201E-08    0.987460E+00
     610    0.610000E+00   -0.564764E-08    0.987435E+00
     611    0.611000E+00   -0.565239E-08    0.987427E+00
     612    0.612000E+00   -0.565027E-08    0.987425E+00
     613    0.613000E+00   -0.564878E-08    0.987422E+00
     614    0.614000E+00   -0.564534E-08    0.987416E+00
     615    0.615000E+00   -0.569269E-08    0.987409E+00
     616    0.616000E+00   -0.570948E-08    0.987398E+00
     617    0.617000E+00   -0.575289E-08    0.987385E+00
     618    0.618000E+00   -0.577513E-08    0.987369E+00
     619    0.619000E+00   -0.574443E-08    0.987349E+00
     620    0.620000E+00   -0.569128E-08    0.987325E+00
     621    0.621000E+00   -0.567286E-08    0.987314E+00
     622    0.622000E+00   -0.567572E-08    0.987312E+00
     623    0.623000E+00   -0.568046E-08    0.987309E+00
     624    0.624000E+00   -0.568060E-08    0.987304E+00
     625    0.625000E+00   -0.567299E-08    0.987297E+00
     626    0.626000E+00   -0.571838E-08    0.987287E+00
     627    0.627000E+00   -0.573569E-08    0.987274E+00
     628    0.628000E+00   -0.577614E-08    0.987258E+00
     629    0.629000E+00   -0.580429E-08    0.987239E+00
     630    0.630000E+00   -0.577631E-08    0.987216E+00
     631    0.631000E+00   -0.572298E-08    0.987202E+00
     632    0.632000E+00   -0.570206E-08    0.987200E+00
     633    0.633000E+00   -0.570046E-08    0.987197E+00
     634    0.634000E+00   -0.571261E-08    0.987193E+00
     635    0.635000E+00   -0.571085E-08    0.987186E+00
     636    0.636000E+00   -0.570220E-08    0.987176E+00
     637    0.637000E+00   -0.574275E-08    0.987164E+00
     638    0.638000E+00   -0.576088E-08    0.987149E+00
     639    0.639000E+00   -0.579955E-08    0.987130E+00
     640    0.640000E+00   -0.583258E-08    0.987107E+00
     641    0.641000E+00   -0.580684E-08    0.987091E+00
     642    0.642000E+00   -0.575876E-08    0.987090E+00
     643    0.643000E+00   -0.573644E-08    0.987087E+00
     644    0.644000E+00   -0.573324E-08    0.987082E+00
     645    0.645000E+00   -0.574258E-08    0.987075E+00
     646    0.646000E+00   -0.573903E-08    0.987066E+00
     647    0.647000E+00   -0.573645E-08    0.987055E+00
     648    0.648000E+00   -0.576625E-08    0.987040E+00
     649    0.649000E+00   -0.578545E-08    0.987021E+00
     650    0.650000E+00   -0.582331E-08    0.986999E+00
     651    0.651000E+00   -0.586026E-08    0.986980E+00
     652    0.652000E+00   -0.583632E-08    0.986980E+00
     653    0.653000E+00   -0.579259E-08    0.986977E+00
     654    0.654000E+00   -0.576874E-08    0.986973E+00
     655    0.655000E+00   -0.576543E-08    0.986966E+00
     656    0.656000E+00   -0.577086E-08    0.986957E+00
     657    0.657000E+00   -0.576564E-08    0.986946E+00
     658    0.658000E+00   -0.577113E-08    0.986932E+00
     659    0.659000E+00   -0.578926E-08    0.986914E+00
     660    0.660000E+00   -0.580971E-08    0.986892E+00
     661    0.661000E+00   -0.584758E-08    0.986871E+00
     662    0.662000E+00   -0.588750E-08    0.986870E+00
     663    0.663000E+00   -0.586580E-08    0.986868E+00
     664    0.664000E+00   -0.582473E-08    0.986864E+00
     665    0.665000E+00   -0.579936E-08    0.986858E+00
     666    0.666000E+00   -0.579604E-08    0.986849E+00
     667    0.667000E+00   -0.579786E-08    0.986838E+00
     668    0.668000E+00   -0.579111E-08    0.986824E+00
     669    0.669000E+00   -0.580347E-08    0.986807E+00
     670    0.670000E+00   -0.581209E-08    0.986786E+00
     671    0.671000E+00   -0.583397E-08    0.986763E+00
     672    0.672000E+00   -0.587248E-08    0.986762E+00
     673    0.673000E+00   -0.591444E-08    0.986760E+00
     674    0.674000E+00   -0.589477E-08    0.986756E+00
     675    0.675000E+00   -0.585538E-08    0.986750E+00
     676    0.676000E+00   -0.582863E-08    0.986742E+00
     677    0.677000E+00   -0.582537E-08    0.986731E+00
     678    0.678000E+00   -0.582396E-08    0.986718E+00
     679    0.679000E+00   -0.581764E-08    0.986701E+00
     680    0.680000E+00   -0.583364E-08    0.986681E+00
     681    0.681000E+00   -0.583499E-08    0.986656E+00
     682    0.682000E+00   -0.586157E-08    0.986654E+00
     683    0.683000E+00   -0.589806E-08    0.986652E+00
     684    0.684000E+00   -0.594117E-08    0.986649E+00
     685    0.685000E+00   -0.592271E-08    0.986643E+00
     686    0.686000E+00   -0.588469E-08    0.986635E+00
     687    0.687000E+00   -0.585686E-08    0.986625E+00
     688    0.688000E+00   -0.585356E-08    0.986612E+00
     689    0.689000E+00   -0.584943E-08    0.986596E+00
     690    0.690000E+00   -0.584499E-08    0.986576E+00
     691    0.691000E+00   -0.586168E-08    0.986552E+00
     692    0.692000E+00   -0.585816E-08    0.986548E+00
     693    0.693000E+00   -0.588852E-08    0.986546E+00
     694    0.694000E+00   -0.592435E-08    0.986542E+00
     695    0.695000E+00   -0.596775E-08    0.986537E+00
     696    0.696000E+00   -0.594971E-08    0.986530E+00
     697    0.697000E+00   -0.591278E-08    0.986520E+00
     698    0.698000E+00   -0.588428E-08    0.986507E+00
     699    0.699000E+00   -0.588070E-08    0.986491E+00
     700    0.700000E+00   -0.587453E-08    0.986472E+00
     701    0.701000E+00   -0.587155E-08    0.986449E+00
     702    0.702000E+00   -0.588757E-08    0.986441E+00
     703    0.703000E+00   -0.588176E-08    0.986440E+00
     704    0.704000E+00   -0.591498E-08    0.986437E+00
     705    0.705000E+00   -0.595132E-08    0.986432E+00
     706    0.706000E+00   -0.599419E-08    0.986424E+00
     707    0.707000E+00   -0.597581E-08    0.986415E+00
     708    0.708000E+00   -0.593973E-08    0.986403E+00
     709    0.709000E+00   -0.591106E-08    0.986387E+00
     710    0.710000E+00   -0.590676E-08    0.986369E+00
     711    0.711000E+00   -0.590434E-08    0.986346E+00
     712    0.712000E+00   -0.589755E-08    0.986336E+00
     713    0.713000E+00   -0.591121E-08    0.986335E+00
     714    0.714000E+00   -0.590586E-08    0.986332E+00
     715    0.715000E+00   -0.594108E-08    0.986327E+00
     716    0.716000E+00   -0.597894E-08    0.986320E+00
     717    0.717000E+00   -0.602048E-08    0.986311E+00
     718    0.718000E+00   -0.600103E-08    0.986299E+00
     719    0.719000E+00   -0.596560E-08    0.986284E+00
     720    0.720000E+00   -0.593735E-08    0.986266E+00
     721    0.721000E+00   -0.593166E-08    0.986244E+00
     722    0.722000E+00   -0.593237E-08    0.986231E+00
     723    0.723000E+00   -0.592370E-08    0.986230E+00
     724    0.724000E+00   -0.593245E-08    0.986227E+00
     725    0.725000E+00   -0.593055E-08    0.986223E+00
     726    0.726000E+00   -0.596691E-08    0.986216E+00
     727    0.727000E+00   -0.600713E-08    0.986207E+00
     728    0.728000E+00   -0.604659E-08    0.986196E+00
     729    0.729000E+00   -0.602659E-08    0.986182E+00
     730    0.730000E+00   -0.599039E-08    0.986164E+00
     731    0.731000E+00   -0.596327E-08    0.986143E+00
     732    0.732000E+00   -0.595522E-08    0.986128E+00
     733    0.733000E+00   -0.595807E-08    0.986127E+00
     734    0.734000E+00   -0.595034E-08    0.986124E+00
     735    0.735000E+00   -0.595124E-08    0.986120E+00
     736    0.736000E+00   -0.595769E-08    0.986113E+00
     737    0.737000E+00   -0.599253E-08    0.986105E+00
     738    0.738000E+00   -0.603579E-08    0.986094E+00
     739    0.739000E+00   -0.607245E-08    0.986080E+00
     740    0.740000E+00   -0.605218E-08    0.986063E+00
     741    0.741000E+00   -0.601411E-08    0.986042E+00
     742    0.742000E+00   -0.598886E-08    0.986025E+00
     743    0.743000E+00   -0.597724E-08    0.986024E+00
     744    0.744000E+00   -0.598125E-08    0.986021E+00
     745    0.745000E+00   -0.597631E-08    0.986017E+00
     746    0.746000E+00   -0.597701E-08    0.986011E+00
     747    0.747000E+00   -0.598645E-08    0.986003E+00
     748    0.748000E+00   -0.601795E-08    0.985992E+00
     749    0.749000E+00   -0.606480E-08    0.985979E+00
     750    0.750000E+00   -0.609798E-08    0.985962E+00
     751    0.751000E+00   -0.607730E-08    0.985942E+00
     752    0.752000E+00   -0.603672E-08    0.985923E+00
     753    0.753000E+00   -0.601416E-08    0.985922E+00
     754    0.754000E+00   -0.600010E-08    0.985920E+00
     755    0.755000E+00   -0.600165E-08    0.985916E+00
     756    0.756000E+00   -0.600166E-08    0.985910E+00
     757    0.757000E+00   -0.600232E-08    0.985902E+00
     758    0.758000E+00   -0.601469E-08    0.985892E+00
     759    0.759000E+00   -0.604317E-08    0.985878E+00
     760    0.760000E+00   -0.609403E-08    0.985862E+00
     761    0.761000E+00   -0.612306E-08    0.985843E+00
     762    0.762000E+00   -0.610188E-08    0.985821E+00
     763    0.763000E+00   -0.605818E-08    0.985820E+00
     764    0.764000E+00   -0.603919E-08    0.985818E+00
     765    0.765000E+00   -0.602818E-08    0.985815E+00
     766    0.766000E+00   -0.602473E-08    0.985809E+00
     767    0.767000E+00   -0.602643E-08    0.985801E+00
     768    0.768000E+00   -0.602721E-08    0.985791E+00
     769    0.769000E+00   -0.604225E-08    0.985779E+00
     770    0.770000E+00   -0.606815E-08    0.985763E+00
     771    0.771000E+00   -0.612333E-08    0.985744E+00
     772    0.772000E+00   -0.614760E-08    0.985721E+00
     773    0.773000E+00   -0.612582E-08    0.985719E+00
     774    0.774000E+00   -0.607842E-08    0.985718E+00
     775    0.775000E+00   -0.606391E-08    0.985714E+00
     776    0.776000E+00   -0.605600E-08    0.985709E+00
     777    0.777000E+00   -0.605017E-08    0.985702E+00
     778    0.778000E+00   -0.605060E-08    0.985692E+00
     779    0.779000E+00   -0.605167E-08    0.985679E+00
     780    0.780000E+00   -0.606895E-08    0.985664E+00
     781    0.781000E+00   -0.609476E-08    0.985646E+00
     782    0.782000E+00   -0.615252E-08    0.985623E+00
     783    0.783000E+00   -0.617145E-08    0.985619E+00
     784    0.784000E+00   -0.614901E-08    0.985618E+00
     785    0.785000E+00   -0.609736E-08    0.985614E+00
     786    0.786000E+00   -0.608829E-08    0.985609E+00
     787    0.787000E+00   -0.608345E-08    0.985602E+00
     788    0.788000E+00   -0.607568E-08    0.985593E+00
     789    0.789000E+00   -0.607416E-08    0.985581E+00
     790    0.790000E+00   -0.607568E-08    0.985566E+00
     791    0.791000E+00   -0.609453E-08    0.985548E+00
     792    0.792000E+00   -0.612236E-08    0.985526E+00
     793    0.793000E+00   -0.618144E-08    0.985520E+00
     794    0.794000E+00   -0.619447E-08    0.985518E+00
     795    0.795000E+00   -0.617133E-08    0.985515E+00
     796    0.796000E+00   -0.611492E-08    0.985510E+00
     797    0.797000E+00   -0.611226E-08    0.985504E+00
     798    0.798000E+00   -0.611034E-08    0.985495E+00
     799    0.799000E+00   -0.610119E-08    0.985483E+00
     800    0.800000E+00   -0.609787E-08    0.985469E+00
     801    0.801000E+00   -0.609920E-08    0.985451E+00
     802    0.802000E+00   -0.611869E-08    0.985430E+00
     803    0.803000E+00   -0.614984E-08    0.985421E+00
     804    0.804000E+00   -0.620990E-08    0.985419E+00
     805    0.805000E+00   -0.621652E-08    0.985417E+00
     806    0.806000E+00   -0.619265E-08    0.985412E+00
     807    0.807000E+00   -0.613098E-08    0.985405E+00
     808    0.808000E+00   -0.613573E-08    0.985397E+00
     809    0.809000E+00   -0.613647E-08    0.985386E+00
     810    0.810000E+00   -0.612660E-08    0.985372E+00
     811    0.811000E+00   -0.612219E-08    0.985354E+00
     812    0.812000E+00   -0.612259E-08    0.985334E+00
     813    0.813000E+00   -0.614568E-08    0.985322E+00
     814    0.814000E+00   -0.617703E-08    0.985321E+00
     815    0.815000E+00   -0.623770E-08    0.985319E+00
     816    0.816000E+00   -0.623743E-08    0.985314E+00
     817    0.817000E+00   -0.621281E-08    0.985308E+00
     818    0.818000E+00   -0.614551E-08    0.985300E+00
     819    0.819000E+00   -0.615861E-08    0.985289E+00
     820    0.820000E+00   -0.616156E-08    0.985275E+00
     821    0.821000E+00   -0.615180E-08    0.985258E+00
     822    0.822000E+00   -0.614617E-08    0.985238E+00
     823    0.823000E+00   -0.614561E-08    0.985225E+00
     824    0.824000E+00   -0.617339E-08    0.985224E+00
     825    0.825000E+00   -0.621180E-08    0.985221E+00
     826    0.826000E+00   -0.626466E-08    0.985217E+00
     827    0.827000E+00   -0.625705E-08    0.985211E+00
     828    0.828000E+00   -0.623168E-08    0.985203E+00
     829    0.829000E+00   -0.617252E-08    0.985193E+00
     830    0.830000E+00   -0.618079E-08    0.985179E+00
     831    0.831000E+00   -0.618532E-08    0.985163E+00
     832    0.832000E+00   -0.617667E-08    0.985144E+00
     833    0.833000E+00   -0.616971E-08    0.985128E+00
     834    0.834000E+00   -0.616803E-08    0.985127E+00
     835    0.835000E+00   -0.620082E-08    0.985125E+00
     836    0.836000E+00   -0.624624E-08    0.985121E+00
     837    0.837000E+00   -0.629058E-08    0.985115E+00
     838    0.838000E+00   -0.627522E-08    0.985107E+00
     839    0.839000E+00   -0.624910E-08    0.985097E+00
     840    0.840000E+00   -0.619924E-08    0.985084E+00
     841    0.841000E+00   -0.620547E-08    0.985068E+00
     842    0.842000E+00   -0.620740E-08    0.985049E+00
     843    0.843000E+00   -0.620109E-08    0.985032E+00
     844    0.844000E+00   -0.619269E-08    0.985031E+00
     845    0.845000E+00   -0.618974E-08    0.985029E+00
     846    0.846000E+00   -0.622780E-08    0.985025E+00
     847    0.847000E+00   -0.627986E-08    0.985020E+00
     848    0.848000E+00   -0.631526E-08    0.985012E+00
     849    0.849000E+00   -0.629825E-08    0.985002E+00
     850    0.850000E+00   -0.626491E-08    0.984990E+00
     851    0.851000E+00   -0.622552E-08    0.984974E+00
     852    0.852000E+00   -0.623094E-08    0.984956E+00
     853    0.853000E+00   -0.622744E-08    0.984936E+00
     854    0.854000E+00   -0.622489E-08    0.984935E+00
     855    0.855000E+00   -0.621765E-08    0.984933E+00
     856    0.856000E+00   -0.621062E-08    0.984930E+00
     857    0.857000E+00   -0.625416E-08    0.984925E+00
     858    0.858000E+00   -0.631242E-08    0.984917E+00
     859    0.859000E+00   -0.633850E-08    0.984908E+00
     860    0.860000E+00   -0.632029E-08    0.984896E+00
     861    0.861000E+00   -0.627896E-08    0.984881E+00
     862    0.862000E+00   -0.625118E-08    0.984863E+00
     863    0.863000E+00   -0.625465E-08    0.984841E+00
     864    0.864000E+00   -0.624505E-08    0.984840E+00
     865    0.865000E+00   -0.624794E-08    0.984838E+00
     866    0.866000E+00   -0.624223E-08    0.984835E+00
     867    0.867000E+00   -0.623121E-08    0.984830E+00
     868    0.868000E+00   -0.627971E-08    0.984823E+00
     869    0.869000E+00   -0.634369E-08    0.984814E+00
     870    0.870000E+00   -0.636010E-08    0.984802E+00
     871    0.871000E+00   -0.634075E-08    0.984788E+00
     872    0.872000E+00   -0.629110E-08    0.984770E+00
     873    0.873000E+00   -0.627605E-08    0.984749E+00
     874    0.874000E+00   -0.627616E-08    0.984746E+00
     875    0.875000E+00   -0.626118E-08    0.984744E+00
     876    0.876000E+00   -0.627008E-08    0.984741E+00
     877    0.877000E+00   -0.626606E-08    0.984736E+00
     878    0.878000E+00   -0.626395E-08    0.984729E+00
     879    0.879000E+00   -0.630681E-08    0.984720E+00
     880    0.880000E+00   -0.637346E-08    0.984709E+00
     881    0.881000E+00   -0.637987E-08    0.984695E+00
     882    0.882000E+00   -0.635943E-08    0.984678E+00
     883    0.883000E+00   -0.630116E-08    0.984657E+00
     884    0.884000E+00   -0.629994E-08    0.984652E+00
     885    0.885000E+00   -0.629506E-08    0.984650E+00
     886    0.886000E+00   -0.628318E-08    0.984647E+00
     887    0.887000E+00   -0.629115E-08    0.984643E+00
     888    0.888000E+00   -0.628898E-08    0.984636E+00
     889    0.889000E+00   -0.629593E-08    0.984628E+00
     890    0.890000E+00   -0.634541E-08    0.984617E+00
     891    0.891000E+00   -0.640148E-08    0.984603E+00
     892    0.892000E+00   -0.639761E-08    0.984586E+00
     893    0.893000E+00   -0.637616E-08    0.984566E+00
     894    0.894000E+00   -0.630899E-08    0.984558E+00
     895    0.895000E+00   -0.632269E-08    0.984557E+00
     896    0.896000E+00   -0.631864E-08    0.984554E+00
     897    0.897000E+00   -0.630578E-08    0.984550E+00
     898    0.898000E+00   -0.631097E-08    0.984543E+00
     899    0.899000E+00   -0.631080E-08    0.984535E+00
     900    0.900000E+00   -0.632692E-08    0.984524E+00
     901    0.901000E+00   -0.638299E-08    0.984511E+00
     902    0.902000E+00   -0.642755E-08    0.984495E+00
     903    0.903000E+00   -0.641314E-08    0.984475E+00
     904    0.904000E+00   -0.639075E-08    0.984465E+00
     905    0.905000E+00   -0.632512E-08    0.984464E+00
     906    0.906000E+00   -0.634411E-08    0.984461E+00
     907    0.907000E+00   -0.634535E-08    0.984457E+00
     908    0.908000E+00   -0.633240E-08    0.984451E+00
     909    0.909000E+00   -0.632939E-08    0.984443E+00
     910    0.910000E+00   -0.633137E-08    0.984433E+00
     911    0.911000E+00   -0.635672E-08    0.984420E+00
     912    0.912000E+00   -0.641865E-08    0.984404E+00
     913    0.913000E+00   -0.645146E-08    0.984385E+00
     914    0.914000E+00   -0.643572E-08    0.984373E+00
     915    0.915000E+00   -0.640303E-08    0.984372E+00
     916    0.916000E+00   -0.635411E-08    0.984369E+00
     917    0.917000E+00   -0.636401E-08    0.984365E+00
     918    0.918000E+00   -0.637077E-08    0.984360E+00
     919    0.919000E+00   -0.635780E-08    0.984352E+00
     920    0.920000E+00   -0.635050E-08    0.984342E+00
     921    0.921000E+00   -0.635149E-08    0.984329E+00
     922    0.922000E+00   -0.638510E-08    0.984314E+00
     923    0.923000E+00   -0.645216E-08    0.984295E+00
     924    0.924000E+00   -0.647298E-08    0.984281E+00
     925    0.925000E+00   -0.645603E-08    0.984280E+00
     926    0.926000E+00   -0.641283E-08    0.984278E+00
     927    0.927000E+00   -0.638173E-08    0.984274E+00
     928    0.928000E+00   -0.638222E-08    0.984269E+00
     929    0.929000E+00   -0.640117E-08    0.984261E+00
     930    0.930000E+00   -0.641664E-08    0.984251E+00
     931    0.931000E+00   -0.639048E-08    0.984239E+00
     932    0.932000E+00   -0.637086E-08    0.984224E+00
     933    0.933000E+00   -0.641427E-08    0.984206E+00
     934    0.934000E+00   -0.648330E-08    0.984190E+00
     935    0.935000E+00   -0.649194E-08    0.984189E+00
     936    0.936000E+00   -0.647387E-08    0.984187E+00
     937    0.937000E+00   -0.641998E-08    0.984183E+00
     938    0.938000E+00   -0.640777E-08    0.984178E+00
     939    0.939000E+00   -0.650044E-08    0.984171E+00
     940    0.940000E+00   -0.656869E-08    0.984162E+00
     941    0.941000E+00   -0.659139E-08    0.984150E+00
     942    0.942000E+00   -0.657366E-08    0.984135E+00
     943    0.943000E+00   -0.652058E-08    0.984117E+00
     944    0.944000E+00   -0.645623E-08    0.984099E+00
     945    0.945000E+00   -0.651184E-08    0.984098E+00
     946    0.946000E+00   -0.650813E-08    0.984097E+00
     947    0.947000E+00   -0.648907E-08    0.984093E+00
     948    0.948000E+00   -0.642431E-08    0.984088E+00
     949    0.949000E+00   -0.656190E-08    0.984081E+00
     950    0.950000E+00   -0.668562E-08    0.984072E+00
     951    0.951000E+00   -0.675995E-08    0.984060E+00
     952    0.952000E+00   -0.678993E-08    0.984046E+00
     953    0.953000E+00   -0.678053E-08    0.984029E+00
     954    0.954000E+00   -0.673670E-08    0.984009E+00
     955    0.955000E+00   -0.666327E-08    0.984008E+00
     956    0.956000E+00   -0.656495E-08    0.984007E+00
     957    0.957000E+00   -0.652373E-08    0.984003E+00
     958    0.958000E+00   -0.650142E-08    0.983999E+00
     959    0.959000E+00   -0.658432E-08    0.983992E+00
     960    0.960000E+00   -0.676605E-08    0.983983E+00
     961    0.961000E+00   -0.689462E-08    0.983972E+00
     962    0.962000E+00   -0.697495E-08    0.983958E+00
     963    0.963000E+00   -0.701197E-08    0.983941E+00
     964    0.964000E+00   -0.701050E-08    0.983921E+00
     965    0.965000E+00   -0.697532E-08    0.983919E+00
     966    0.966000E+00   -0.691106E-08    0.983917E+00
     967    0.967000E+00   -0.682222E-08    0.983914E+00
     968    0.968000E+00   -0.671307E-08    0.983909E+00
     969    0.969000E+00   -0.658765E-08    0.983903E+00
     970    0.970000E+00   -0.680875E-08    0.983894E+00
     971    0.971000E+00   -0.699398E-08    0.983884E+00
     972    0.972000E+00   -0.712718E-08    0.983870E+00
     973    0.973000E+00   -0.721316E-08    0.983854E+00
     974    0.974000E+00   -0.725667E-08    0.983834E+00
     975    0.975000E+00   -0.726239E-08    0.983829E+00
     976    0.976000E+00   -0.723487E-08    0.983828E+00
     977    0.977000E+00   -0.717854E-08    0.983825E+00
     978    0.978000E+00   -0.709763E-08    0.983821E+00
     979    0.979000E+00   -0.699615E-08    0.983815E+00
     980    0.980000E+00   -0.687784E-08    0.983806E+00
     981    0.981000E+00   -0.705680E-08    0.983796E+00
     982    0.982000E+00   -0.724520E-08    0.983783E+00
     983    0.983000E+00   -0.738253E-08    0.983767E+00
     984    0.984000E+00   -0.747345E-08    0.983747E+00
     985    0.985000E+00   -0.752256E-08    0.983741E+00
     986    0.986000E+00   -0.753431E-08    0.983739E+00
     987    0.987000E+00   -0.751306E-08    0.983737E+00
     988    0.988000E+00   -0.746296E-08    0.983733E+00
     989    0.989000E+00   -0.738798E-08    0.983727E+00
     990    0.990000E+00   -0.729183E-08    0.983719E+00
     991    0.991000E+00   -0.717791E-08    0.983708E+00
     992    0.992000E+00   -0.732771E-08    0.983696E+00
     993    0.993000E+00   -0.751862E-08    0.983680E+00
     994    0.994000E+00   -0.765925E-08    0.983661E+00
     995    0.995000E+00   -0.775408E-08    0.983652E+00
     996    0.996000E+00   -0.780748E-08    0.983651E+00
     997    0.997000E+00   -0.782372E-08    0.983649E+00
     998    0.998000E+00   -0.780687E-08    0.983645E+00
     999    0.999000E+00   -0.776084E-08    0.983639E+00
    1000    0.100000E+01   -0.768928E-08    0.983631E+00
    1001    0.100100E+01   -0.759557E-08    0.983621E+00
    1002    0.100200E+01   -0.748280E-08    0.983609E+00
    1003    0.100300E+01   -0.762013E-08    0.983594E+00
    1004    0.100400E+01   -0.781259E-08    0.983575E+00
    1005    0.100500E+01   -0.795531E-08    0.983565E+00
    1006    0.100600E+01   -0.805259E-08    0.983564E+00
    1007    0.100700E+01   -0.810858E-08    0.983561E+00
    1008    0.100800E+01   -0.812729E-08    0.983557E+00
    1009    0.100900E+01   -0.811252E-08    0.983552E+00
    1010    0.101000E+01   -0.806788E-08    0.983544E+00
    1011    0.101100E+01   -0.799670E-08    0.983535E+00
    1012    0.101200E+01   -0.790204E-08    0.983523E+00
    1013    0.101300E+01   -0.778661E-08    0.983508E+00
    1014    0.101400E+01   -0.793211E-08    0.983490E+00
    1015    0.101500E+01   -0.812476E-08    0.983477E+00
    1016    0.101600E+01   -0.826798E-08    0.983476E+00
    1017    0.101700E+01   -0.836584E-08    0.983474E+00
    1018    0.101800E+01   -0.842225E-08    0.983471E+00
    1019    0.101900E+01   -0.844094E-08    0.983465E+00
    1020    0.102000E+01   -0.842544E-08    0.983458E+00
    1021    0.102100E+01   -0.837901E-08    0.983449E+00
    1022    0.102200E+01   -0.830466E-08    0.983437E+00
    1023    0.102300E+01   -0.820510E-08    0.983423E+00
    1024    0.102400E+01   -0.808266E-08    0.983405E+00
    1025    0.102500E+01   -0.826102E-08    0.983391E+00
    1026    0.102600E+01   -0.845211E-08    0.983390E+00
    1027    0.102700E+01   -0.859381E-08    0.983388E+00
    1028    0.102800E+01   -0.868994E-08    0.983384E+00
    1029    0.102900E+01   -0.874414E-08    0.983379E+00
    1030    0.103000E+01   -0.875985E-08    0.983372E+00
    1031    0.103100E+01   -0.874027E-08    0.983363E+00
    1032    0.103200E+01   -0.868836E-08    0.983352E+00
    1033    0.103300E+01   -0.860677E-08    0.983338E+00
    1034    0.103400E+01   -0.849783E-08    0.983321E+00
    1035    0.103500E+01   -0.836351E-08    0.983304E+00
    1036    0.103600E+01   -0.860354E-08    0.983304E+00
    1037    0.103700E+01   -0.879091E-08    0.983302E+00
    1038    0.103800E+01   -0.892863E-08    0.983298E+00
    1039    0.103900E+01   -0.902025E-08    0.983294E+00
    1040    0.104000E+01   -0.906912E-08    0.983287E+00
    1041    0.104100E+01   -0.907839E-08    0.983278E+00
    1042    0.104200E+01   -0.905092E-08    0.983267E+00
    1043    0.104300E+01   -0.898933E-08    0.983253E+00
    1044    0.104400E+01   -0.889590E-08    0.983237E+00
    1045    0.104500E+01   -0.877260E-08    0.983218E+00
    1046    0.104600E+01   -0.872091E-08    0.983218E+00
    1047    0.104700E+01   -0.895564E-08    0.983216E+00
    1048    0.104800E+01   -0.913668E-08    0.983213E+00
    1049    0.104900E+01   -0.926750E-08    0.983208E+00
    1050    0.105000E+01   -0.935137E-08    0.983202E+00
    1051    0.105100E+01   -0.939134E-08    0.983193E+00
    1052    0.105200E+01   -0.939022E-08    0.983182E+00
    1053    0.105300E+01   -0.935054E-08    0.983169E+00
    1054    0.105400E+01   -0.927457E-08    0.983153E+00
    1055    0.105500E+01   -0.916424E-08    0.983133E+00
    1056    0.105600E+01   -0.902112E-08    0.983132E+00
    1057    0.105700E+01   -0.908661E-08    0.983131E+00
    1058    0.105800E+01   -0.931257E-08    0.983128E+00
    1059    0.105900E+01   -0.948424E-08    0.983123E+00
    1060    0.106000E+01   -0.960480E-08    0.983117E+00
    1061    0.106100E+01   -0.967721E-08    0.983109E+00
    1062    0.106200E+01   -0.970421E-08    0.983098E+00
    1063    0.106300E+01   -0.968828E-08    0.983085E+00
    1064    0.106400E+01   -0.963162E-08    0.983070E+00
    1065    0.106500E+01   -0.953612E-08    0.983051E+00
    1066    0.106600E+01   -0.940334E-08    0.983047E+00
    1067    0.106700E+01   -0.923451E-08    0.983046E+00
    1068    0.106800E+01   -0.945486E-08    0.983043E+00
    1069    0.106900E+01   -0.966889E-08    0.983039E+00
    1070    0.107000E+01   -0.982770E-08    0.983033E+00
    1071    0.107100E+01   -0.993417E-08    0.983025E+00
    1072    0.107200E+01   -0.999096E-08    0.983015E+00
    1073    0.107300E+01   -0.100005E-07    0.983002E+00
    1074    0.107400E+01   -0.996489E-08    0.982987E+00
    1075    0.107500E+01   -0.988601E-08    0.982968E+00
    1076    0.107600E+01   -0.976539E-08    0.982963E+00
    1077    0.107700E+01   -0.960423E-08    0.982961E+00
    1078    0.107800E+01   -0.956217E-08    0.982959E+00
    1079    0.107900E+01   -0.981996E-08    0.982955E+00
    1080    0.108000E+01   -0.100185E-07    0.982949E+00
    1081    0.108100E+01   -0.101605E-07    0.982941E+00
    1082    0.108200E+01   -0.102486E-07    0.982931E+00
    1083    0.108300E+01   -0.102852E-07    0.982919E+00
    1084    0.108400E+01   -0.102723E-07    0.982904E+00
    1085    0.108500E+01   -0.102118E-07    0.982886E+00
    1086    0.108600E+01   -0.101050E-07    0.982878E+00
    1087    0.108700E+01   -0.995333E-08    0.982877E+00
    1088    0.108800E+01   -0.975748E-08    0.982875E+00
    1089    0.108900E+01   -0.993602E-08    0.982871E+00
    1090    0.109000E+01   -0.101755E-07    0.982865E+00
    1091    0.109100E+01   -0.103545E-07    0.982858E+00
    1092    0.109200E+01   -0.104754E-07    0.982848E+00
    1093    0.109300E+01   -0.105405E-07    0.982836E+00
    1094    0.109400E+01   -0.105519E-07    0.982822E+00
    1095    0.109500E+01   -0.105113E-07    0.982804E+00
    1096    0.109600E+01   -0.104201E-07    0.982795E+00
    1097    0.109700E+01   -0.102796E-07    0.982794E+00
    1098    0.109800E+01   -0.100905E-07    0.982791E+00
    1099    0.109900E+01   -0.100157E-07    0.982788E+00
    1100    0.110000E+01   -0.102975E-07    0.982782E+00
    1101    0.110100E+01   -0.105146E-07    0.982775E+00
