 1.0000000000000000,1.2545377507141178
 0.99845866699999997,1.2550564018467552
 0.99653422800000002,1.2497775799613213
 0.99384417000000003,1.2446888617066689
 0.99039264000000005,1.2399904463849882
 0.98618496000000000,1.2356040926177121
 0.98122761800000002,1.2321079010827181
 0.97552825799999998,1.2291375183206323
 0.96909566800000002,1.2262375429733283
 0.96193976599999997,1.2233028695191297
 0.95407158700000005,1.2206834993685218
 0.94550326200000001,1.2181593450506725
 0.93624800399999997,1.2156376917922196
 0.92632008200000004,1.2131677280336668
 0.91573480600000001,1.2108029223637693
 0.90450849700000002,1.2085443967460530
 0.89265846500000001,1.2063714639198144
 0.88020298299999999,1.2042604853977721
 0.86716125499999996,1.2022014201346491
 0.85355339100000005,1.2002043067489210
 0.83940037300000003,1.1982879136368922
 0.82472402400000000,1.1964015070158096
 0.80954697499999995,1.1946698077275255
 0.79389262599999999,1.1929470185625306
 0.77778511699999997,1.1911343234491689
 0.76124928199999997,1.1893128845053580
 0.74431062100000001,1.1875068665064370
 0.72699524999999998,1.1857048057382740
 0.70932986899999995,1.1838916767540850
 0.69134171600000005,1.1820597201245240
 0.67305852899999996,1.1802060893957651
 0.65450849700000002,1.1783293763687759
 0.63572022500000003,1.1764282162329072
 0.61672268200000002,1.1745010706890806
 0.59754516099999999,1.1725465597991800
 0.57821723300000005,1.1705639119410607
 0.55876869900000004,1.1685533139496287
 0.53922954800000000,1.1665161532775687
 0.51962990799999997,1.1644551594574086
 0.50000000000000000,1.1623743957165338
 0.48037009200000003,1.1602790509989516
 0.46077045200000000,1.1581750151135801
 0.44123130100000002,1.1560682986040813
 0.42178276700000000,1.1539645114058328
 0.40245483900000001,1.1518689906663366
 0.38327731799999998,1.1497881656050157
 0.36427977499999997,1.1477294118742136
 0.34549150299999998,1.1457012881668429
 0.32694147099999998,1.1437290110154086
 0.30865828400000000,1.1418212720133110
 0.29067013100000000,1.1399252093993892
 0.27300475000000002,1.1380052228527993
 0.25568937899999999,1.1362078595930063
 0.23875071800000000,1.1347499223820567
 0.22221488300000000,1.1337008142205869
 0.20610737400000001,1.1328114667470617
 0.19045302500000000,1.1320547112114598
 0.17527597600000000,1.1314601858841329
 0.16059962699999999,1.1310682535696261
 0.14644660900000001,1.1309314885399404
 0.13283874500000001,1.1311088622774974
 0.11979701700000001,1.1316546959958527
 0.10734153500000000,1.1326164891550570
 9.5491502800000003E-002,1.1340429705186261
 8.4265193799999999E-002,1.1359972235697908
 7.3679917799999994E-002,1.1385711422675464
 6.3751996500000005E-002,1.1418989477467072
 5.4496737900000002E-002,1.1461714569582198
 4.5928413100000003E-002,1.1516519451786786
 3.8060233700000001E-002,1.1586789015607331
 3.0904332000000000E-002,1.1676570056287048
 2.4471741900000000E-002,1.1792086001946493
 1.8772381800000001E-002,1.1944110657675848
 1.3815039800000000E-002,1.2128217610829619
 9.6073597999999996E-003,1.2333283849957235
 6.1558296999999996E-003,1.2560480448152493
 3.4657715200000000E-003,1.2825038815533929
 1.5413331299999999E-003,1.3009660280867021
 3.8548188000000003E-004,1.3148082773952467
 0.0000000000000000,1.3144699256433436
 3.8548188000000003E-004,1.3147863130456827
 1.5413331299999999E-003,1.3009258287396570
 3.4657715200000000E-003,1.2825273215927626
 6.1558296999999996E-003,1.2562155515327320
 9.6073597999999996E-003,1.2336516789218674
 1.3815039800000000E-002,1.2132418945215722
 1.8772381800000001E-002,1.1948657800494304
 2.4471741900000000E-002,1.1796596130571622
 3.0904332000000000E-002,1.1680846958795743
 3.8060233700000001E-002,1.1590738017694233
 4.5928413100000003E-002,1.1520054969396132
 5.4496737900000002E-002,1.1464748047325319
 6.3751996500000005E-002,1.1421445008667657
 7.3679917799999994E-002,1.1387541256880742
 8.4265193799999999E-002,1.1361180701166971
 9.5491502800000003E-002,1.1341096570236910
 0.10734153500000000,1.1326445831513381
 0.11979701700000001,1.1316639987776902
 0.13283874500000001,1.1311182352910740
 0.14644660900000001,1.1309545955616385
 0.16059962699999999,1.1311119879196778
 0.17527597600000000,1.1315256564591787
 0.19045302500000000,1.1321393259189116
 0.20610737400000001,1.1329108820417828
 0.22221488300000000,1.1338102237385477
 0.23875071800000000,1.1348646414191439
 0.25568937899999999,1.1363217446079072
 0.27300475000000002,1.1381145817458624
 0.29067013100000000,1.1400322822616009
 0.30865828400000000,1.1419231815327526
 0.32694147099999998,1.1438227869988327
 0.34549150299999998,1.1457848959580921
 0.36427977499999997,1.1478011986582701
 0.38327731799999998,1.1498453608349819
 0.40245483900000001,1.1519069338579317
 0.42178276700000000,1.1539785488436887
 0.44123130100000002,1.1560562875788607
 0.46077045200000000,1.1581388950711613
 0.48037009200000003,1.1602239020087304
 0.50000000000000000,1.1623056443126936
 0.51962990799999997,1.1643765951927740
 0.53922954800000000,1.1664300590521568
 0.55876869900000004,1.1684615397413205
 0.57821723300000005,1.1704684280686775
 0.59754516099999999,1.1724495673842641
 0.61672268200000002,1.1744048295982614
 0.63572022500000003,1.1763349932057365
 0.65450849700000002,1.1782416648473213
 0.67305852899999996,1.1801271914851139
 0.69134171600000005,1.1819945737078530
 0.70932986899999995,1.1838473500088063
 0.72699524999999998,1.1856894257374599
 0.74431062100000001,1.1875248608307170
 0.76124928199999997,1.1893576864443656
 0.77778511699999997,1.1911918321854400
 0.79389262599999999,1.1930311904056883
 0.80954697499999995,1.1948797726637130
 0.82472402400000000,1.1967419249797939
 0.83940037300000003,1.1986226067656427
 0.85355339100000005,1.2005277744096088
 0.86716125499999996,1.2024649628948489
 0.88020298299999999,1.2044441640993597
 0.89265846500000001,1.2064773893016356
 0.90450849700000002,1.2085719434284348
 0.91573480600000001,1.2107210317531569
 0.92632008200000004,1.2129160050952150
 0.93624800399999997,1.2152082850535189
 0.94550326200000001,1.2176513796218611
 0.95407158700000005,1.2202647500049473
 0.96193976599999997,1.2230372925112765
 0.96909566800000002,1.2260353020868047
 0.97552825799999998,1.2292477238424309
 0.98122761800000002,1.2326608434376252
 0.98618496000000000,1.2363254698701036
 0.99039264000000005,1.2405682647663341
 0.99384417000000003,1.2452806069928803
 0.99653422800000002,1.2507932095298759
 0.99845866699999997,1.2567822038218799
