  0.17523271294945394     
  0.34975773916926933     
  0.52367887498118726     
  0.69709614336824000     
  0.87009058175207710     
   1.0427181217294417     
   1.2150114266484193     
   1.3869857099638314     
   1.5586450774367213     
   1.7299874669561608     
   1.9010076275780994     
   2.0716984597040615     
   2.2420513642257878     
   2.4120564138216705     
   2.5817030007464767     
   2.7509802175172662     
   2.9198776238597204     
   3.0883859703035452     
   3.2564976864724415     
   3.4242070388219301     
   3.5915099738383622     
   3.7584037431241972     
   3.9248864347474162     
   4.0909564801409068     
   4.2566125485248527     
   4.4218532796525984     
   4.5866771790368022     
   4.7510826422927206     
   4.9150680412654602     
   5.0786318389600984     
   5.2417727026158225     
   5.4044895879538943     
   5.5667817778256641     
   5.7286488353842682     
   5.8900906008280440     
   6.0511071479181346     
   6.2116986135584504     
   6.3718650934988750     
   6.5316065699383490     
   6.6909228844751114     
   6.8498137567365793     
   7.0082788354638934     
   7.1663177585787414     
   7.3239301864115642     
   7.4811158506210234     
   7.6378746422553281     
   7.7942065101721871     
   7.9501114074684560     
   8.1055892374725218     
   8.2606398142743398     
   8.4152628472185818     
   8.5694579497571990     
   8.7232246639851798     
   8.8765624860972370     
   9.0294708786653874     
   9.1819494064359990     
   9.3339976752614771     
   9.4856153148133853     
   9.6368019560496503     
   9.7875572073210435     
   9.9378806362328742     
   10.087771761141692     
   10.237230051498436     
   10.386254931411370     
   10.534845774998047     
   10.683002023216318     
   10.830723149688477     
   10.978008654015381     
   11.124858057958805     
   11.271270896091144     
   11.417246704116906     
   11.562785007820693     
   11.707885314021631     
   11.852547102104547     
   11.996769813414128     
   12.140552927240659     
   12.283895947151354     
   12.426798395760775     
   12.569259817951762     
   12.711279779341176     
   12.852857860487251     
   12.993993648096399     
   13.134686724439851     
   13.274936654826117     
   13.414742967422598     
   13.554105209274065     
   13.693022951973782     
   13.831495776458809     
   13.969523277924445     
   14.107105067956185     
   14.244240773002536     
   14.380930029135151     
   14.517172473530673     
   14.652967732583191     
   14.788315402065500     
   14.923215082799166     
   15.057666402729074     
   15.191668992122677     
   15.325222488525011     
   15.458326540393717     
   15.590980808159006     
   15.723184961992599     
   15.854938676081439     
   15.986241619051208     
   16.117093438100099     
   16.247493780996415     
   16.377442317451735     
   16.506938719745719     
   16.635982665153094     
   16.764573839294780     
   16.892711938011786     
   17.020396666810218     
   17.147627737265442     
   17.274404859698485     
   17.400727730428461     
   17.526596034399329     
   17.652009490943001     
   17.776967823494751     
   17.901470759886969     
   18.025518034984099     
   18.149109392596184     
   18.272244585750773     
   18.394923374543787     
   18.517145520678980     
   18.638910776954443     
   18.760218888090950     
   18.881069629398251     
   19.001462781033457     
   19.121398126818711     
   19.240875455792903     
   19.359894563560346     
   19.478455252690672     
   19.596557331389512     
   19.714200609464825     
   19.831384889817745     
   19.948109963405361     
   20.064375650422758     
   20.180181777485259     
   20.295528174041511     
   20.410414673251228     
   20.524841112934599     
   20.638807336044486     
   20.752313189957775     
   20.865358523616180     
   20.977943180794551     
   21.090066992559713     
   21.201729816587775     
   21.312931519737123     
   21.423671971797276     
   21.533951045861222     
   21.643768618872372     
   21.753124571986909     
   21.862018790168950     
   21.970451160124799     
   22.078421564970142     
   22.185929876662563     
   22.292975989976803     
   22.399559810681524     
   22.505681247758858     
   22.611340213430775     
   22.716536623386119     
   22.821270397012899     
   22.925541457186664     
   23.029349728827544     
   23.132695134785980     
   23.235577588831337     
   23.337997023987530     
   23.439953386390474     
   23.541446626391558     
   23.642476698497639     
   23.743043561476611     
   23.843147178568035     
   23.942787517473114     
   24.041964549458303     
   24.140678246312014     
   24.238928573743188     
   24.336715516443785     
   24.434039073769465     
   24.530899252431002     
   24.627296065925989     
   24.723229534666352     
   24.818699686245981     
   24.913706555627872     
   25.008250184705911     
   25.102330620167276     
   25.195947907627332     
   25.289102113407395     
   25.381793321770960     
   25.474021629221422     
   25.565787143651200     
   25.657089984504374     
   25.747930283049481     
   25.838308182621191     
   25.928223838399255     
   26.017677415819264     
   26.106669085893653     
   26.195199040516826     
   26.283267497160711     
   26.370874688357961     
   26.458020861974063     
   26.544706280865189     
   26.630931222570482     
   26.716695978980418     
   26.802000855661820     
   26.886846170107066     
   26.971232247484348     
   27.055159431897216     
   27.138628093131803     
   27.221638612631537     
   27.304191384706101     
   27.386286815549376     
   27.467925322298949     
   27.549107332110310     
   27.629833281008448     
   27.710103611949851     
   27.789918770968963     
   27.869279216336583     
   27.948185425257030     
   28.026637876664697     
   28.104637055062973     
   28.182183449421231     
   28.259277551971707     
   28.335919857006061     
   28.412110859585724     
   28.487851053815668     
   28.563140929894779     
   28.637980983162898     
   28.712371722767745     
   28.786313649595087     
   28.859807263899413     
   28.932853063959826     
   29.005451544979987     
   29.077603198289914     
   29.149308510784508     
   29.220567964368371     
   29.291382034915404     
   29.361751204477450     
   29.431675977820554     
   29.501156838408328     
   29.570194264765458     
   29.638788730710846     
   29.706940705618067     
   29.774650654795696     
   29.841919040024653     
   29.908746320214032     
   29.975132952072357     
   30.041079405756314     
   30.106586185552246     
   30.171653747395755     
   30.236282546925462     
   30.300473039841947     
   30.364225682275602     
   30.427540931256036     
   30.490419245334376     
   30.552861085353218     
   30.614866915315687     
   30.676437204326490     
   30.737572431040999     
   30.798273070055416     
   30.858539602006960     
   30.918372513917323     
   30.977772299695616     
   31.036739460718703     
   31.095274506532768     
   31.153377955678195     
   31.211050336597626     
   31.268292188666187     
   31.325104064245462     
   31.381486526002710     
   31.437440149612431     
   31.492965524245697     
   31.548063252997746     
   31.602733953331303     
   31.656978257579365     
   31.710796813521643     
   31.764190285012397     
   31.817159352695736     
   31.869704715736024     
   31.921827089528147     
   31.973527207195080     
   32.024805820042211     
   32.075663697723876     
   32.126101628415398     
   32.176120419030475     
   32.225720895504246     
   32.274903903129918     
   32.323670306975075     
   32.372020993199605     
   32.419956867073175     
   32.467478853670528     
   32.514587898242510     
   32.561284966088230     
   32.607571042375866     
   32.653447131942627     
   32.698914259095140     
   32.743973467409091     
   32.788625819555790     
   32.832872397879257     
   32.876714302364668     
   32.920152650221318     
   32.963188575852143     
   33.005823230181640     
   33.048057779950547     
   33.089893407022579     
   33.131331307730029     
   33.172372692275744     
   33.213018784220431     
   33.253270820681095     
   33.293130050675892     
   33.332597734152756     
   33.371675142157777     
   33.410363556268642     
   33.448664268049221     
   33.486578578550024     
   33.524107797874102     
   33.561253244818914     
   33.598016246614527     
   33.634398139272335     
   33.670400266748324     
   33.706023979839131     
   33.741270636884487     
   33.776141603606945     
   33.810638252988980     
   33.844761965206281     
   33.878514127632478     
   33.911896134929052     
   33.944909389225039     
   33.977555300797455     
   34.009835288188825     
   34.041750777116071     
   34.073303201792307     
   34.104494005217326     
   34.135324639466887     
   34.165796565983420     
   34.195911255874421     
   34.225670190228072     
   34.255074860447841     
   34.284126768901103     
   34.312827429533108     
   34.341178366408542     
   34.369181115129400     
   34.396837223120123     
   34.424148249881441     
   34.451115767234512     
   34.477741359560873     
   34.504026624051839     
   34.529973170974237     
   34.555582624096793     
   34.580856621689065     
   34.605796814618387     
   34.630404867801722     
   34.654682460446516     
   34.678631286233177     
   34.702253053464275     
   34.725549485182853     
   34.748522319267209     
   34.771173308512466     
   34.793504220790091     
   34.815516839913634     
   34.837212963625632     
   34.858594404604773     
   34.879662990583043     
   34.900420564330965     
   34.920868983624629     
   34.941010121195255     
   34.960845864670752     
   34.980378116517024     
   34.999608794055867     
   35.018539830148264     
   35.037173171431554     
   35.055510778892149     
   35.073554628040448     
   35.091306708843483     
   35.108769025640683     
   35.125943597039885     
   35.142832455795343     
   35.159437648679223     
   35.175761236406046     
   35.191805294164965     
   35.207571910121324     
   35.223063185577445     
   35.238281235229529     
   35.253228187083252     
   35.267906182380173     
   35.282317375522489     
   35.296463934001579     
   35.310348038333473     
   35.323971882048205     
   35.337337672233417     
   35.350447628467066     
   35.363303982733015     
   35.375908979899819     
   35.388264877745200     
   35.400373946979471     
   35.412238471260807     
   35.423860747195903     
   35.435243084333493     
   35.446387805184841     
   35.457297245710642     
   35.467973754632084     
   35.478419693023234     
   35.488637434957205     
   35.498629367594539     
   35.508397891291239     
   35.517945419713740     
   35.527274379954306     
   35.536387212643504     
   35.545286372080419     
   35.553974326740622     
   35.562453559032235     
   35.570726564616614     
   35.578795853231661     
   35.586663948816550     
   35.594333389625447     
   35.601806728318415     
   35.609086532018509     
   35.616175382332990     
   35.623075875353628     
   35.629790621927334     
   35.636322247585191     
   35.642673391352218     
   35.648846706507484     
   35.654844860544038     
   35.660670535126137     
   35.666326426028334     
   35.671815243042595     
   35.677139709841349     
   35.682302563793058     
   35.687306555935827     
   35.692154450967003     
   35.696849025463663     
   35.701393068361561     
   35.705789380508513     
   35.710040774135109     
   35.714150072239207     
   35.718120107865445     
   35.721953723270282     
   35.725653768970297     
   35.729223102775819     
   35.732664589224072     
   35.735981096580659     
   35.739175496419023     
   35.742250662197030     
   35.745209467714425     
   35.748054785464127     
   35.750789484854998     
   35.753416430292035     
   35.755938479103072     
   35.758358479387340     
   35.760679268214474     
   35.762903667571329     
   35.765034482390213     
   35.767074497875903     
   35.769026476610840     
   35.770893155561915     
   35.772677242994178     
   35.774381415309122     
   35.776008313834673     
   35.777560541665096     
   35.779040661001062     
   35.780451188749893     
   35.781794593951233     
   35.783073295146352     
   35.784289657737453     
   35.785445991553367     
   35.786544548628186     
   35.787587521188016     
   35.788577039846253     
   35.789515172059133     
   35.790403921225469     
   35.791245224485181     
   35.792040951926701     
   35.792792906164294     
   35.793502821836668     
   35.794172365303901     
   35.794803134517814     
   35.795396659031553     
   35.795954400126064     
   35.796477751069808     
   35.796968037855791     
   35.797426518794495     
   35.797854384853039     
   35.798252760580226     
   35.798622704713274     
   35.798965210841189     
   35.799281208098392     
   35.799571561866948     
   35.799837074458914     
   35.800078485795801     
   35.800296474400803     
   35.800491657432985     
   35.800664590841677     
   35.800815770375628     
   35.800945632093587     
   35.801054552854993     
   35.801142850776230     
   35.801210785631604     
   35.801258559183431     
   35.801286315447094     
   35.801294141165094     
   35.801282065617613     
   35.801250059963500     
   35.801198037787906     
   35.801125855032097     
   35.801033309889419     
   35.800920142656565     
   35.800786035526002     
   35.800630612305696     
   35.800453438067258     
   35.800254018944159     
   35.800031801604163     
   35.799786171731228     
   35.799516454083303     
   35.799221911874668     
   35.798901746152978     
   35.798555095169903     
   35.798181033739418     
   35.797778572576235     
   35.797346657611271     
   35.796884169463539     
   35.796389922966135     
   35.795862665298650     
   35.795301076087810     
   35.794703766877355     
   35.794069280699809     
   35.793396091767029     
   35.792682605286757     
   35.791927157401950     
   35.791128015265507     
   35.790283377339826     
   35.789391374252233     
   35.788450067956802     
   35.787457453291957     
   35.786411459058854     
   35.785309949356211     
   35.784150725208853     
   35.782931526476460     
   35.781650034034513     
   35.780303872196704     
   35.778890611437582     
   35.777407771689646     
   35.775852824134098     
   35.774223194932219     
   35.772516268624535     
   35.770729391525400     
   35.768859875162413     
   35.766904999704444     
   35.764862017323118     
   35.762728155441685     
   35.760500619892795     
   35.758176598271831     
   35.755753261644124     
   35.753227767485953     
   35.750597262311238     
   35.747858884003094     
   35.745009764027145     
   35.742047029527967     
   35.738967805299048     
   35.735769215616770     
   35.732448385987887     
   35.729002445095276     
   35.725428525377048     
   35.721723764473857     
   35.717885306712894     
   35.713910304264857     
   35.709795918228281     
   35.705539319627093     
   35.701137690308443     
   35.696588223721726     
   35.691888125611165     
   35.687034614886350     
   35.682024923374435     
   35.676856296033506     
   35.671525991531574     
   35.666031282457539     
   35.660369455513482     
   35.654537811688634     
   35.648533666409378     
   35.642354349658795     
   35.635997206084674     
   35.629459595344578     
   35.622738891653505     
   35.615832483440975     
   35.608737773739001     
   35.601452180177681     
   35.593973135003296     
   35.586298085106748     
   35.578424492049606     
   35.570349832066739     
   35.562071596046302     
   35.553587289712048     
   35.544894433238071     
   35.535990560532781     
   35.526873219553195     
   35.517539972146970     
   35.507988393924606     
   35.498216074161157     
   35.488220615723456     
   35.477999635007535     
   35.467550761884716     
   35.456871639838099     
   35.445959925844846     
   35.434813289505364     
   35.423429413533910     
   35.411805993723974     
   35.399940738950328     
   35.387831371208691     
   35.375475625674831     
   35.362871250767434     
   35.350016008196448     
   35.336907673131165     
   35.323544034350341     
   35.309922893197161     
   35.296042064133161     
   35.281899374693943     
   35.267492665458441     
   35.252819790045287     
   35.237878615127642     
   35.222667020455411     
   35.207182898865831     
   35.191424156362025     
   35.175388712453817     
   35.159074498901475     
   35.142479460298460     
   35.125601554019532     
   35.108438750163224     
   35.090989031514852     
   35.073250393514684     
   35.055220844220386     
   35.036898404243559     
   35.018281106723485     
   34.999366997545529     
   34.980154134093141     
   34.960640585516998     
   34.940824432588563     
   34.920703767484355     
   34.900276693585091     
   34.879541325296522     
   34.858495787875277     
   34.837138217251947     
   34.815466759901433     
   34.793479572976416     
   34.771174823157239     
   34.748550686718694     
   34.725605349439775     
   34.702337006391915     
   34.678743861758655     
   34.654824128684872     
   34.630576029143313     
   34.605997793804988     
   34.581087661948764     
   34.555843881636420     
   34.530264708767561     
   34.504348407031593     
   34.478093247954888     
   34.451497510771262     
   34.424559482344328     
   34.397277457143133     
   34.369649737268382     
   34.341674632517055     
   34.313350460518890     
   34.284675547154443     
   34.255648226081924     
   34.226266838832281     
   34.196529735286937     
   34.166435273922090     
   34.135981822117692     
   34.105167756517780     
   34.073991463441814     
   34.042451339322270     
   34.010545791190118     
   33.978273237397836     
   33.945632107632477     
   33.912620843092199     
   33.879237897293713     
   33.845481736547967     
   33.811350840473061     
   33.776843702548739     
   33.741958830701101     
   33.706694747911200     
   33.671049992847038     
   33.635023120704794     
   33.598612703532282     
   33.561817330313730     
   33.524635607940667     
   33.487066161745055     
   33.449107636034810     
   33.410758694627134     
   33.372018021367538     
   33.332884320623805     
   33.293356317745669     
   33.253432759658637     
   33.213112415111588     
   33.172394074257049     
   33.131276549364912     
   33.089758674997384     
   33.047839308154913     
   33.005517328403833     
   32.962791637985987     
   32.919661161910021     
   32.876124848021853     
   32.832181667190625     
   32.787830613415601     
   32.743070702908490     
   32.697900974565016     
   32.652320489829570     
   32.606328332535128     
   32.559923608741698     
   32.513105446578614     
   32.465872996082361     
   32.418225429018847     
   32.370161938774828     
   32.321681740398077     
   32.272784069155499     
   32.223468180637695     
   32.173733350312581     
   32.123578873106311     
   32.073004063008476     
   32.022008252681168     
   31.970590793060055     
   31.918751052923909     
   31.866488418498218     
   31.813802293153675     
   31.760692095390290     
   31.707157259023337     
   31.653197232963915     
   31.598811480790470     
   31.543999480246487     
   31.488760722686305     
   31.433094712479665     
   31.377000966382170     
   31.320479012935429     
   31.263528391853750     
   31.206148652692750     
   31.148339356044652     
   31.090100072628303     
   31.031430382325794     
   30.972329873274877     
   30.912798141028549     
   30.852834787793920     
   30.792439421779157     
   30.731611656774291     
   30.670351116016608     
   30.608657430280434     
   30.546530232436250     
   30.483969157576357     
   30.420973842402990     
   30.357543924675586     
   30.293679042749147     
   30.229378835271984     
   30.164642941180791     
   30.099471000361987     
   30.033862675381719     
   29.967817621469788     
   29.901335476590877     
   29.834415876028004     
   29.767058452046523     
   29.699262833625365     
   29.631028646291544     
   29.562355512149445     
   29.493243050287212     
   29.423690878021056     
   29.353698621423288     
   29.283265898720014     
   29.212392311904246     
   29.141077457840254     
   29.069320928099764     
   28.997122308864000     
   28.924481180928538     
   28.851397119904686     
   28.777869696824109     
   28.703898479639800     
   28.629483039905139     
   28.554622941772649     
   28.479317733821730     
   28.403566958610398     
   28.327370152629371     
   28.250726846349270     
   28.173636564397821     
   28.096098825965949     
   28.018113145661751     
   27.939679035310160     
   27.860796009239348     
   27.781463576330271     
   27.701681231409854     
   27.621448464919258     
   27.540764763276918     
   27.459629609359663     
   27.378042483122428     
   27.296002862444379     
   27.213510224408513     
   27.130564047489898     
   27.047163816379328     
   26.963309015718142     
   26.878999121931070     
   26.794233612396585     
   26.709011966253598     
   26.623333665068369     
   26.537198193605683     
   26.450605040795249     
   26.363553701094276     
   26.276043676708142     
   26.188074481904863     
   26.099645638335087     
   26.010756666319381     
   25.921407093513828     
   25.831596456005375     
   25.741324298979748     
   25.650590177484542     
   25.559393657374205     
   25.467734316635081     
   25.375611747530048     
   25.283025560667717     
   25.189975381702180     
   25.096460841325293     
   25.002481584018859     
   24.908037269360328     
   24.813127572682927     
   24.717752185823624     
   24.621910818030827     
   24.525603197211119     
   24.428829071920333     
   24.331588215120622     
   24.233880421819290     
   24.135705497789445     
   24.037063268032256     
   23.937953577743549     
   23.838376292402494     
   23.738331297853424     
   23.637818500456138     
   23.536837827485417     
   23.435389228177407     
   23.333472676390407     
   23.231088168544396     
   23.128235710186345     
   23.024915323841359     
   22.921127049138686     
   22.816870942025943     
   22.712147074004942     
   22.606955531469083     
   22.501296415315618     
   22.395169841214560     
   22.288575941437674     
   22.181514863538791     
   22.073986754672870     
   21.965991770220672     
   21.857530073309288     
   21.748601833744637     
   21.639207227031349     
   21.529346433549783     
   21.419019638056874     
   21.308227029862302     
   21.196968804509829     
   21.085245163791818     
   20.973056298714010     
   20.860402399631280     
   20.747283655459640     
   20.633700252885966     
   20.519652375702304     
   20.405140204317163     
   20.290163915595446     
   20.174723683356032     
   20.058819680292046     
   19.942452079968579     
   19.825621038713638     
   19.708326706126904     
   19.590569225089951     
   19.472348731454375     
   19.353665353805425     
   19.234519213345042     
   19.114910424034068     
   18.994839093311001     
   18.874305324107407     
   18.753309219156975     
   18.631850858483020     
   18.509930313690290     
   18.387547647416465     
   18.264702913108348     
   18.141396154893702     
   18.017627407588265     
   17.893396696970477     
   17.768704040618786     
   17.643549449970308     
   17.517932933615175     
   17.391854478934675     
   17.265314064621901     
   17.138311659863113     
   17.010847224638407     
   16.882920709981470     
   16.754532058382466     
   16.625681204463689     
   16.496368076217752     
   16.366592597444274     
   16.236354695394841     
   16.105654274675253     
   15.974491235480901     
   15.842865472694449     
   15.710776877012545     
   15.578225335872927     
   15.445210734560280     
   15.311732957620315     
   15.177791890860881     
   15.043387424527632     
   14.908519458352913     
   14.773187884546179     
   14.637392602617879     
   14.501133520653987     
   14.364410557409327     
   14.227223644678295     
   14.089572729965697     
   13.951457779583812     
   13.812878782444761     
   13.673835755112185     
   13.534328749470411     
   13.394357840189734     
   13.253923136796928     
   13.113024791387895     
   12.971663002459298     
   12.829838020301194     
   12.687550152849308     
   12.544799772119871     
   12.401587321495885     
   12.257913324413842     
   12.113778397402644     
   11.969183239617784     
   11.824128646936771     
   11.678615528088647     
   11.532644911949038     
   11.386217957639701     
   11.239335965212561     
   11.092000387008877     
   10.944212839914226     
   10.795975118981856     
   10.647289211608133     
   10.498157300027552     
   10.348581775850102     
   10.198565263421491     
   10.048110630584612     
   9.8972210032530743     
   9.7458997802350016     
   9.5941506483201131     
   9.4419775977693821     
   9.2893849385802554     
   9.1363773169454916     
   8.9829597205764973     
   8.8291374912782139     
   8.6749163525001585     
   8.5203024183536336     
   8.3653022075314407     
   8.2099226570819894     
   8.0541711362082733     
   7.8980554604458248     
   7.7415839068538492     
   7.5847652302275979     
   7.4276086699136599     
   7.2701239618293103     
   7.1123213758510024     
   6.9542117304312328     
   6.7958064182399989     
   6.6371174364103336     
   6.4781574226045135     
   6.3189396984477746     
   6.1594783223219931     
   5.9997881535038102     
   5.8398849187845556     
   5.6797852928633192     
   5.5195070355456082     
   5.3590691135624970     
   5.1984918615677751     
   5.0377971772599039     
   4.8770087583626021     
   4.7161523913259877     
   4.5552563044255123     
   4.3943516009807437     
   4.2334727811930346     
   4.0726583842888457     
   3.9119518505178745     
   3.7514025310172361     
   3.5910669859537698     
   3.4310106362271613     
   3.2713098828743115     
   3.1120548515246029     
   2.9533529810643389     
   2.7953337645451088     
   2.6381550655797281     
   2.4820116312566682     
   2.3271468472357602     
   2.1738688472934018     
   2.0225730807572990     
   1.8737741796358662     
   1.7281512964318739     
   1.5866127725054098     
   1.4503877584593778     
   1.3211528706763460     
   1.2011969365925041     
   1.0936060125438294     
   1.0023952218104710     
  0.93240576425616528     
  0.88868237436372399     
  0.87518116108008992     
  0.89327767276801395     
  0.94114909084232046     
   1.0145823674944725     
   1.1084975479251831     
   1.2181516167702666     
   1.3396675789364798     
   1.4700869887755195     
   1.6072222191904446     
   1.7494716108096153     
   1.8956599678944233     
   2.0449174583512417     
   2.1965924685798450     
   2.3501902048237060     
   2.5053296492066748     
   2.6617132702855644     
   2.8191055276493011     
   2.9773175659849276     
   3.1361960341248500     
   3.2956148991654102     
   3.4554693829083782     
   3.6156714132181458     
   3.7761461748213487     
   3.9368294668148480     
   4.0976656581781619     
   4.2586060877570970     
   4.4196077967353702     
   4.5806325813122521     
   4.7416461862708736     
   4.9026176572229412     
   5.0635188256635839     
   5.2243238908426086     
   5.3850090787927227     
   5.5455523631751111     
   5.7059332356788852     
   5.8661325147610821     
   6.0261321812681130     
   6.1859152838318598     
   6.3454658316178385     
   6.5047686987832467     
   6.6638095544920990     
   6.8225748053279149     
   6.9810515477824229     
   7.1392275287621185     
   7.2970911121202846     
   7.4546312481305215     
   7.6118374427587723     
   7.7686997615993985     
   7.9252088144310253     
   8.0813557286455016     
   8.2371321343129082     
   8.3925301495684757     
   8.5475423659719141     
   8.7021618334930775     
   8.8563820446467538     
   9.0101969163850413     
   9.1636007680340867     
   9.3165883235115530     
   9.4691547019126006     
   9.6212953896040734     
   9.7730062235936010     
   9.9242833746027870     
   10.075123329922771     
   10.225522876050219     
   10.375479080909960     
   10.524989274790535     
   10.674051029373750     
   10.822662153832404     
   10.970820690188232     
   11.118524886072267     
   11.265773180447884     
   11.412564189737523     
   11.558896694342129     
   11.704769625490728     
   11.850182052191597     
   11.995133168519706     
   12.139622279185803     
   12.283648791160195     
   12.427212222055751     
   12.570312178289194     
   12.712948346277781     
   12.855120484258320     
   12.996828414437005     
   13.138072015387131     
   13.278851214469826     
   13.419165979890343     
   13.559016311423555     
   13.698402236089814     
   13.837323823252738     
   13.975781166739882     
   14.113774380051863     
   14.251303592333572     
   14.388368944519621     
   14.524970585574620     
   14.661108668621409     
   14.796783346461766     
   14.931994766636564     
   15.066743068302220     
   15.201028400080084     
   15.334850905850965     
   15.468210722213415     
   15.601107976989299     
